19980102,0,15.8959,16.0195,15.7202,16.0195,12848723.479
19980105,0,16.1409,16.3447,16.0997,16.3447,24173221.188
19980106,0,16.1669,16.3035,16.0455,16.1127,17986834.717
19980107,0,15.9501,16.2363,15.9241,16.2211,14521454.6
19980108,0,16.1669,16.3295,16.0585,16.0997,17095812.619
19980109,0,16.0325,16.0585,15.395,15.64,22586734.75
19980112,0,15.2866,16.1821,15.2324,16.1669,31333179.215
19980113,0,16.1409,16.2363,15.9653,16.1821,20528903.036
19980114,0,16.2081,16.2363,16.0325,16.1279,16630473.408
19980115,0,16.0455,16.0997,15.7614,15.7744,14172795.219
19980116,0,15.9783,16.2211,15.8417,15.9241,23280821.485
19980120,0,15.911,16.4661,15.8959,16.4249,20272480.079
19980121,0,16.3035,16.4791,16.2623,16.3295,22631462.937
19980122,0,16.2493,16.3165,16.0737,16.2905,22481580.098
19980123,0,16.3837,16.4531,15.9653,16.2081,21941065.686
19980126,0,16.2493,16.3295,16.0455,16.1821,17727179.056
19980127,0,16.2493,16.7242,16.2081,16.5746,26113898.478
19980128,0,16.6006,16.67,16.4119,16.5334,18669852.013
19980129,0,16.5334,16.8868,16.5073,16.7242,27060723.036
19980130,0,16.709,16.8044,16.5746,16.7914,14898707.952
19980202,0,16.967,17.0494,16.709,17.0082,29600027.546
19980203,0,16.696,16.8868,16.696,16.8044,22540613.82
19980204,0,16.696,16.8716,16.67,16.696,21504322.485
19980205,0,16.7242,16.7914,16.5464,16.6288,18438799.616
19980206,0,16.696,16.941,16.67,16.8586,15789727.516
19980209,0,16.8716,16.8868,16.5746,16.696,12811827.853
19980210,0,16.709,17.0624,16.6548,16.8586,18925807.151
19980211,0,16.8456,17.0342,16.8174,17.0082,11766313.713
19980212,0,16.8586,17.1166,16.6288,17.0624,23205640.768
19980213,0,16.9258,16.967,16.8174,16.8868,12781848.726
19980217,0,17.0082,17.1036,16.9128,16.9258,15008466.129
19980218,0,16.9258,17.1166,16.8998,17.0082,14018297.118
19980219,0,16.9258,16.967,16.8326,16.8716,12626890.029
19980220,0,16.8716,16.9952,16.7242,16.954,17101347.744
19980223,0,16.967,16.967,16.7502,16.8326,14488248.764
19980224,0,16.7784,16.8044,16.6006,16.6288,16191420.375
19980225,0,16.7502,16.8174,16.6418,16.696,15710860.515
19980226,0,16.5615,16.7502,16.4922,16.696,14829534.759
19980227,0,16.5876,16.8716,16.5615,16.8586,17210647.164
19980302,0,16.8586,16.8586,16.4531,16.6006,23975366.499
19980303,0,16.5746,16.7914,16.5615,16.7372,19681240.217
19980304,0,16.67,16.683,16.4661,16.5464,14211076.196
19980305,0,16.394,16.7205,16.3809,16.64,17247265.99
19980306,0,16.653,17.0623,16.653,17.047,21790962.028
19980309,0,16.9796,17.2103,16.9534,17.1015,19207888.318
19980310,0,17.2386,17.28,17.047,17.1428,14018778.2
19980311,0,17.1711,17.2517,17.0753,17.1842,12686584.762
19980312,0,17.1711,17.2517,17.1298,17.2517,16755739.576
19980313,0,17.1428,17.1842,16.8707,17.047,16410285.08
19980316,0,17.1711,17.3191,17.1298,17.28,14346770.472
19980317,0,17.3344,17.4149,17.2386,17.4019,14956361.258
19980318,0,17.3888,17.4149,17.2647,17.3474,11509663.028
19980319,0,17.3605,17.4432,17.3474,17.4019,12867579.236
19980320,0,17.5238,17.7545,17.3888,17.7415,26455467.67
19980323,0,17.6326,17.7284,17.4694,17.4824,14799715.336
19980324,0,17.6609,18.0266,17.6196,18.0005,18836714.992
19980325,0,18.1094,18.1638,17.6457,17.8372,18284082.772
19980326,0,17.7545,18.081,17.7545,17.9722,15043187.858
19980327,0,18.1768,18.3815,18.068,18.2182,22105173.04
19980330,0,18.2182,18.6253,18.2182,18.5578,18438893.76
19980331,0,18.6253,19.0759,18.6253,18.7493,20548343.504
19980401,0,18.6666,18.9257,18.5708,18.8168,19388878.466
19980402,0,18.9801,19.2108,18.9387,19.1151,23087772.112
19980403,0,19.3741,19.4699,18.967,18.9801,25142566.91
19980406,0,19.2108,19.2936,18.9387,18.9518,18123303.426
19980407,0,18.843,18.9932,18.8038,18.9801,18115030.156
19980408,0,18.9932,19.1303,18.7493,18.7755,16118584.306
19980409,0,18.9257,19.0606,18.721,18.8299,13346250.008
19980413,0,18.6405,18.9518,18.4359,18.8974,16731390.846
19980414,0,18.967,19.0955,18.8168,18.8713,14942121.66
19980415,0,18.8168,18.8582,18.5708,18.8299,13354517.06
19980416,0,18.8974,18.8974,18.5861,18.6536,14527766.856
19980417,0,18.7341,18.9387,18.5034,18.9387,15905899.77
19980420,0,18.967,18.9801,18.6666,18.7341,16630788.126
19980421,0,18.5317,18.843,18.4359,18.721,17855944.8
19980422,0,18.7885,18.8168,18.5034,18.5317,13666435.192
19980423,0,18.4228,18.6122,18.327,18.3815,14328856.888
19980424,0,18.3945,18.5991,18.068,18.2726,18931347.756
19980427,0,18.068,18.1224,17.7698,17.933,21240170.97
19980428,0,18.0963,18.1638,17.5782,17.674,18412706.304
19980429,0,17.9591,18.1638,17.7415,17.9591,15627051.102
19980430,0,18.1638,18.6949,18.1224,18.5447,19556548.062
19980501,0,18.5991,18.6536,18.3945,18.5164,11346128.824
19980504,0,18.5991,18.721,18.3684,18.3684,12234560.164
19980505,0,18.4228,18.4772,18.0963,18.1355,13452823.33
19980506,0,18.2313,18.327,18.0549,18.068,15362449.976
19980507,0,18.1094,18.1224,17.7959,17.7959,14466669.708
19980508,0,17.9591,18.3945,17.933,18.0963,16940411.544
19980511,0,18.2443,18.327,17.9178,18.1094,14068386.738
19980512,0,18.1094,18.1899,17.8372,18.1638,14438647.788
19980513,0,18.2596,18.5164,18.1638,18.4359,14408787.698
19980514,0,18.4076,18.5708,18.2857,18.327,15050077.266
19980515,0,18.2182,18.4076,17.9461,17.9722,20536405.672
19980518,0,17.9874,18.1224,17.6457,17.9178,16577502.834
19980519,0,18.0419,18.2726,17.9874,18.0005,15318353.316
19980520,0,18.1899,18.6797,18.1899,18.6797,24240810.992
19980521,0,18.6536,18.7755,18.6122,18.7341,27303472.082
19980522,0,18.721,18.7755,18.4489,18.5034,11834903.4
19980526,0,18.6253,18.6949,18.0266,18.0266,14982087.158
19980527,0,17.9461,18.2987,17.7828,18.2313,22082203.114
19980528,0,18.2051,18.462,18.0266,18.3401,16351486.528
19980529,0,18.4489,18.4903,17.9722,18.081,15784621.47
19980601,0,18.1507,18.2726,17.8634,18.0419,15433653.452
19980602,0,18.1507,18.2182,17.9178,18.0136,15299977.178
19980603,0,17.9874,18.0419,17.7001,17.7001,15562741.568
19980604,0,17.7001,18.1638,17.6065,18.1638,18296491.274
19980605,0,18.2051,18.462,18.0419,18.4359,17708485.052
19980608,0,18.4489,18.5164,18.3401,18.3815,13260347.28
19980609,0,18.2987,18.5447,18.2596,18.462,13042603.742
19980610,0,18.3401,18.8974,18.327,18.5578,23734579.846
19980611,0,18.5034,18.5861,18.2051,18.327,19095340.414
19980612,0,18.2857,18.6405,18.2182,18.5578,22509881.442
19980615,0,18.4489,18.7493,18.314,18.314,20756444.942
19980616,0,18.3815,18.6797,18.2987,18.5164,21236031.842
19980617,0,18.7624,19.1564,18.721,19.0606,27234097.774
19980618,0,19.0345,19.2391,18.9801,19.1564,18417762.792
19980619,0,19.1434,19.3066,18.8713,18.9126,26489917.432
19980622,0,18.9126,19.0606,18.7341,18.7624,14634340.552
19980623,0,18.9387,19.2239,18.8582,19.1434,14637096.528
19980624,0,19.1564,19.6462,19.0759,19.5374,20125261.408
19980625,0,19.5374,19.6201,19.4155,19.4699,15497509.286
19980626,0,19.5787,19.6876,19.5112,19.6049,12255233.606
19980629,0,19.7137,19.9727,19.7006,19.8095,13591101.176
19980630,0,19.7964,20.0272,19.6745,19.8225,18238606.068
19980701,0,19.9597,20.001,19.5918,19.8508,18389741.556
19980702,0,19.8508,19.8639,19.6876,19.7964,8869172.35599999
19980706,0,19.7942,20.1218,19.7527,20.0804,12391994.789
19980707,0,20.135,20.4211,20.0935,20.2158,18137225.702
19980708,0,20.3119,20.3949,20.1612,20.3534,18354255.365
19980709,0,20.3534,21.0086,20.325,20.6133,23591719.27
19980710,0,20.598,20.598,20.2988,20.4757,22587631.726
19980713,0,20.7487,20.7487,20.4342,20.4495,16564929.256
19980714,0,20.4757,20.8317,20.4626,20.7487,14744024.215
19980715,0,20.7225,20.7618,20.4342,20.5434,14818198.063
19980716,0,20.6395,21.0217,20.5849,20.9125,14563625.988
19980717,0,20.9671,21.1593,20.9256,21.1178,12678153.689
19980720,0,21.0894,21.1047,20.6679,20.8579,13333815.764
19980721,0,20.8863,20.9671,20.135,20.2857,17689899.431
19980722,0,20.1218,20.1765,19.7658,19.9843,34637602.501
19980723,0,19.8882,19.9974,19.6151,19.6566,20715897.74
19980724,0,19.8336,20.1481,19.6304,19.9974,24427772.33
19980727,0,19.875,20.2573,19.7396,20.0935,19183896.666
19980728,0,20.0258,20.1481,19.5758,19.9034,22434704.631
19980729,0,19.9843,20.0389,19.4928,19.5474,17527359.083
19980730,0,19.7112,20.0804,19.6697,19.9428,18696274.645
19980731,0,19.9428,20.2442,19.2329,19.5605,25337999.433
19980803,0,19.3705,19.8882,19.3574,19.5474,19139021.322
19980804,0,19.8073,19.8073,18.6738,18.7022,32536940.491
19980805,0,18.7699,19.3159,18.6738,18.9053,35174207
19980806,0,18.9468,19.4797,18.9337,19.4251,24121465.323
19980807,0,19.6435,19.7243,19.1652,19.2482,22775819.082
19980810,0,19.2329,19.4797,19.1106,19.1783,14939531.98
19980811,0,18.8376,19.1106,18.7153,19.0691,24415405.04
19980812,0,19.329,19.5758,19.1783,19.5212,18769993.131
19980813,0,19.4251,19.6304,19.1936,19.2067,18359289.184
19980814,0,19.2067,19.5343,18.9206,19.0975,20610132.61
19980817,0,19.0145,19.5343,18.8922,19.4928,20684763.053
19980818,0,19.5212,19.9428,19.5212,19.8336,18434379.972
19980819,0,19.9165,20.0804,19.7789,19.9297,15652876.855
19980820,0,19.7243,19.9974,19.6981,19.7243,16124016.833
19980821,0,19.602,19.6151,19.0145,19.5605,24841677.14
19980824,0,19.5474,19.6981,19.4513,19.5889,15781080.007
19980825,0,19.6981,20.0258,19.5059,19.7243,17471958.102
19980826,0,19.5605,19.8488,19.3574,19.7396,19183896.884
19980827,0,19.4666,19.5343,18.6323,18.9468,36981846.78
19980828,0,18.9599,19.2067,18.51,18.7153,38273932.77
19980831,0,18.7699,18.8791,17.4857,17.501,40015631.77
19980901,0,17.691,18.4554,17.0358,18.0186,47736990.3
19980902,0,18.2239,18.4008,17.4857,17.5687,30804401.3
19980903,0,17.3219,17.4464,16.8174,16.9812,45126276.34
19980904,0,17.2542,17.3503,15.8629,16.4897,47671061.04
19980908,0,17.9094,17.9509,17.1188,17.8548,41596167.03
19980909,0,17.9094,18.1824,17.3634,17.5141,31065832.051
19980910,0,16.9812,17.1319,16.4089,16.8457,48790069.9
19980911,0,16.695,17.4311,16.4351,17.3219,38767045.811
19980914,0,17.4595,17.6648,17.1996,17.2411,33215943.01
19980915,0,17.1188,17.1319,16.7081,17.0358,33789642.65
19980916,0,17.7194,17.8002,17.1188,17.4049,52266600.53
19980917,0,16.9549,17.2542,16.9003,17.0904,28087913.842
19980918,0,17.0641,17.1188,16.8174,17.0489,32369872.162
19980921,0,16.4351,17.2673,16.4089,17.2673,29967885.841
19980922,0,17.5818,17.6102,17.3088,17.418,22968576.521
19980923,0,17.691,18.4008,17.5687,18.3462,32839121.36
19980924,0,18.0186,18.3331,17.5141,17.7456,31439902.461
19980925,0,17.5272,18.3331,17.4726,18.1278,28929918.02
19980928,0,18.3163,18.6319,18.1387,18.3031,23078131.26
19980929,0,18.4807,18.4807,17.8231,18.1519,23013342.82
19980930,0,17.9743,17.9875,17.2071,17.4395,28319490.147
19981001,0,17.1107,17.194,16.3588,16.5079,42491102.77
19981002,0,16.4136,16.5364,15.482,16.4399,62944217.34
19981005,0,16.372,16.3851,15.4272,16.098,45216028.54
19981006,0,16.5495,16.646,15.8371,16.2076,32338666.26
19981007,0,16.3588,16.6175,15.6179,16.3983,36080016.39
19981008,0,16.0147,16.2076,15.1247,15.7012,69595265.4
19981009,0,15.7823,15.8919,15.1795,15.7955,47371137.18
19981012,0,16.3303,16.5232,16.1111,16.2207,32946794.87
19981013,0,16.2887,16.7424,16.1659,16.6591,28147500.08
19981014,0,16.7008,17.2619,16.5912,17.0164,29850979.243
19981015,0,16.9463,18.1804,16.8104,17.9064,37112877.72
19981016,0,18.2483,18.4675,18.0576,18.3316,44701413.56
19981019,0,18.1672,18.4412,18.1256,18.3031,21260149.96
19981020,0,18.3996,18.77,17.948,18.0291,32651172.05
19981021,0,18.1935,18.5771,18.0839,18.4127,23092270.527
19981022,0,18.4259,19.0155,18.1124,19.0023,26954979.47
19981023,0,18.8095,19.0287,18.7284,19.0023,18734584.17
19981026,0,18.8248,19.2347,18.77,18.838,20548005.62
19981027,0,19.2479,19.2479,18.6604,18.7284,23915727.057
19981028,0,18.7284,18.8095,18.4807,18.6319,19194898.349
19981029,0,18.6188,19.0571,18.4259,19.044,17781566.24
19981030,0,19.2347,19.4955,19.0835,19.1667,24090908.52
19981102,0,19.2084,19.5087,19.1251,19.1799,17430747.817
19981103,0,19.1799,19.6051,19.1667,19.4123,18205383.093
19981104,0,19.5219,19.7279,19.3377,19.4671,22086793.011
19981105,0,19.3575,19.9054,19.2895,19.9054,21437154.973
19981106,0,19.8506,19.9887,19.741,19.7958,18286588.613
19981109,0,19.8243,19.8243,19.3443,19.4407,17524727.933
19981110,0,19.4539,19.8375,19.4276,19.6315,17438956.849
19981111,0,19.5635,19.741,19.044,19.0988,18510587.927
19981112,0,19.0988,19.3027,18.8796,19.0155,15329460.346
19981113,0,19.1536,19.4824,19.1119,19.3311,13872337.062
19981116,0,19.4671,19.8506,19.4671,19.7695,17309395.637
19981117,0,19.7279,20.1663,19.6315,19.7564,22411611.617
19981118,0,19.7016,20.1663,19.5635,20.14,19039329.997
19981119,0,20.1531,20.3592,20.015,20.289,20270177.04
19981120,0,20.3044,20.3307,20.1115,20.3175,20514705.96
19981123,0,20.3175,20.7274,20.3044,20.7274,20631953.94
19981124,0,20.5499,20.7274,20.5082,20.6178,16761954.652
19981125,0,20.563,20.7011,20.3307,20.414,13424793.414
19981127,0,20.3723,20.3986,20.2211,20.2342,7778327.467
19981130,0,20.0698,20.1948,19.8791,19.8923,17001919.93
19981201,0,19.6315,20.0698,19.5372,20.0304,20886055.093
19981202,0,19.7564,19.9887,19.6315,19.9208,17794798.881
19981203,0,19.6183,19.8375,19.3027,19.318,18965421.786
19981204,0,19.5219,19.8112,19.5087,19.741,19055763.387
19981207,0,19.7958,20.0698,19.7564,19.9208,13973612.542
19981208,0,19.7016,19.9054,19.5219,19.7827,21131954.124
19981209,0,19.7827,19.9471,19.592,19.7564,17697171.524
19981210,0,19.7564,19.7564,19.3575,19.3859,16483659.456
19981211,0,19.3728,19.5635,19.0023,19.4824,23043005.037
19981214,0,19.3443,19.4539,18.8928,19.0155,20960415.324
19981215,0,19.3027,20.4951,19.3027,20.3855,37403019.47
19981216,0,20.4271,20.4271,20.0698,20.0983,23704961.1
19981217,0,20.0983,20.6726,20.0983,20.6595,22997374.713
19981218,0,20.6595,21.236,20.6332,21.2075,34342318.38
19981221,0,21.236,21.8103,21.236,21.5648,22383781.063
19981222,0,21.51,21.7555,21.4135,21.6744,14157007.52
19981223,0,21.7138,22.2903,21.7138,22.207,17596351.994
19981224,0,22.2224,22.3583,22.1128,22.1259,6235889.544
19981228,0,22.2487,22.4131,22.0974,22.3583,10077608.608
19981229,0,22.3937,22.8622,22.3123,22.7105,11685067.475
19981230,0,22.7654,22.8622,22.4091,22.5191,11349090.312
19981231,0,22.4487,22.5873,22.1188,22.3541,13895963.316
19990104,0,22.2991,22.7654,21.8856,22.1056,24411254.06
19990105,0,22.1188,22.6423,22.0242,22.5587,18187278.173
19990106,0,22.6841,23.069,22.5873,23.0536,22740468.67
19990107,0,22.6841,22.8622,22.4223,22.6555,17726734.8
19990108,0,22.6291,22.7786,22.0792,22.4905,22038054.93
19990111,0,22.2155,22.3937,21.7338,21.9274,26249348.41
19990112,0,21.8856,22.0506,21.3643,21.5139,23110537.76
19990113,0,20.8958,21.6657,20.6891,21.2389,30072838.32
19990114,0,21.3357,21.6107,21.184,21.4039,22212174.1
19990115,0,21.7492,22.1892,21.6393,22.1606,23499254.22
19990119,0,22.2155,22.3805,21.8988,22.2837,21764818.383
19990120,0,22.3937,22.4773,21.8592,22.0506,25245051.76
19990121,0,22.0792,22.2705,21.7756,21.8856,21347457.816
19990122,0,21.7338,21.9538,21.4193,21.5689,20731427.407
19990125,0,21.5557,22.2991,21.5557,22.0924,20315886.94
19990126,0,22.1056,22.4641,21.9824,22.4355,20576846.9
19990127,0,22.6291,22.6555,22.3387,22.3673,19411617.33
19990128,0,22.3805,22.9172,22.3805,22.739,19255674.61
19990129,0,22.7654,23.0954,22.4905,23.014,22273096.94
19990201,0,23.0822,23.0822,22.4641,22.4773,19792600.23
19990202,0,22.4355,22.5037,21.9274,22.4355,20002645.163
19990203,0,22.3541,23.0272,22.2991,22.6423,20468649.239
19990204,0,22.6423,22.7654,21.9406,21.9956,20784161.13
19990205,0,21.9274,22.0242,21.2257,21.4875,29288592.47
19990208,0,21.5975,21.7492,21.2807,21.5007,19486629.717
19990209,0,21.3357,21.5293,21.074,21.0894,18464607.733
19990210,0,21.0608,21.6943,21.0608,21.5425,18420959.69
19990211,0,21.5425,21.9956,21.4039,21.9956,16658336.693
19990212,0,21.9538,21.9538,21.184,21.5293,20591847.627
19990216,0,21.6789,21.9824,21.4039,21.7492,18247297.196
19990217,0,21.6107,22.2991,21.5557,21.8306,20122665.41
19990218,0,21.9956,22.2991,21.6525,22.1738,18451878.073
19990219,0,22.0924,22.3123,21.9692,22.0638,18213648.547
19990222,0,22.0792,22.8754,22.0374,22.8754,25397366.02
19990223,0,22.7654,22.9854,22.4641,22.7105,21086494.383
19990224,0,22.6555,22.9722,22.1474,22.2287,19793965.237
19990225,0,22.1342,22.3541,21.5689,22.0506,26859015.6
19990226,0,22.2155,22.3123,21.7338,22.0638,21455663.32
19990301,0,22.0242,22.3387,21.6657,22.2024,18741028.07
19990302,0,22.3123,22.3805,21.6789,21.7888,17866300.77
19990303,0,21.7756,22.0242,21.4589,21.7206,21576592.96
19990304,0,21.8398,22.1974,21.7979,22.1423,19496394.32
19990305,0,22.5153,22.9303,22.4888,22.8464,24301175.49
19990308,0,22.9435,23.2614,22.8751,23.151,30334127.33
19990309,0,23.0252,23.6609,22.9855,23.427,27189219.37
19990310,0,23.4402,23.4954,23.151,23.3298,17631288.19
19990311,0,23.5219,23.7845,23.3718,23.6057,23401473.02
19990312,0,23.7581,23.992,23.6322,23.7029,26735738.86
19990315,0,23.8397,24.3364,23.8132,24.3099,22417049.61
19990316,0,24.3099,24.3496,24.1024,24.2812,16158954.155
19990317,0,24.2812,24.2812,23.7978,23.9236,16150347.01
19990318,0,23.8397,24.3496,23.8132,24.3231,15858605.05
19990319,0,24.5991,24.9302,24.5571,24.6962,38874108.43
19990322,0,24.5571,24.6807,24.3783,24.4335,16607461.03
19990323,0,24.4048,24.4048,23.4115,23.5086,22750474.96
19990324,0,23.5219,23.6609,23.3431,23.5771,17614077.56
19990325,0,23.7713,24.1443,23.7294,23.9788,19304763.27
19990326,0,23.992,24.034,23.6609,23.8397,12860481.19
19990329,0,23.8397,24.8066,23.7845,24.7359,19172485.105
19990330,0,24.6675,25.1222,24.4203,24.9567,21719394.13
19990331,0,25.1642,25.2061,24.3651,24.5306,21763782.47
19990401,0,24.5019,24.8198,24.4048,24.5991,17303756.315
19990405,0,24.8331,25.343,24.8198,25.2326,16883346.42
19990406,0,25.1377,25.2193,24.7779,25.0119,20088504.79
19990407,0,24.9721,25.248,24.641,25.2061,17656049
19990408,0,25.0825,25.2745,24.8198,25.109,19547895
19990409,0,25.1377,25.2613,24.6807,24.7646,18775176.15
19990412,0,24.4203,25.6895,24.4203,25.6608,25267933.74
19990413,0,25.1642,25.9235,25.1377,25.8396,25807949.93
19990414,0,25.7999,25.8396,25.1774,25.1774,21580311.405
19990415,0,25.0538,25.1222,24.2812,24.8331,28634363.795
19990416,0,24.6675,24.7646,24.268,24.5306,21020375.935
19990419,0,24.5571,24.7514,22.1842,22.9016,43614552.84
19990420,0,23.0671,24.1841,22.9435,24.034,32128102.73
19990421,0,24.1024,25.0273,23.9501,24.9302,25974203.71
19990422,0,25.3584,25.3584,24.6256,24.9721,21333861.585
19990423,0,24.8066,25.248,24.7779,24.9434,15811939.36
19990426,0,24.9721,25.0119,24.5571,25.0119,16198823.29
19990427,0,25.1774,25.3717,24.5704,24.8198,20181368.805
19990428,0,24.5306,24.9169,24.4203,24.6123,16987993.72
19990429,0,24.5019,24.5991,23.427,23.8265,23239743.255
19990430,0,24.1708,24.3364,22.8883,23.2879,40391734.19
19990503,0,23.2746,23.427,22.7912,23.3166,23553232.36
19990504,0,23.1775,23.3011,22.8199,23.1775,29307562.76
19990505,0,23.1643,24.1995,23.1643,24.0605,27254004.69
19990506,0,24.268,24.4755,23.427,23.8949,30253029.01
19990507,0,23.9236,24.3916,23.8949,24.2128,25449143.875
19990510,0,24.2128,24.4755,23.853,23.992,16707118.29
19990511,0,24.2547,24.6675,24.0053,24.4755,21154013.055
19990512,0,24.4335,24.4335,23.8949,24.2547,20252945.93
19990513,0,24.4887,24.5704,24.0605,24.1289,13653274.335
19990514,0,23.7294,23.8132,23.151,23.3563,27310624.33
19990517,0,23.2746,23.5506,23.0804,23.4534,17457327.585
19990518,0,23.4402,23.4821,22.6389,23.0252,21963118.94
19990519,0,23.2614,23.8684,23.2327,23.8397,19117665.91
19990520,0,23.8949,24.1289,23.4402,23.4821,15757123.13
19990521,0,23.5373,23.6742,22.9568,22.9987,23696844
19990524,0,23.2062,23.2746,22.6389,22.8597,21940924.715
19990525,0,22.97,23.1775,22.5572,22.5572,22070935.19
19990526,0,22.8464,22.8597,22.4049,22.7647,27326483.53
19990527,0,22.736,22.736,22.129,22.2129,22215001.38
19990528,0,22.1842,22.9987,22.1577,22.4734,21126381.075
19990601,0,22.544,22.8597,22.2394,22.6257,20132435.96
19990602,0,22.6676,22.7228,22.129,22.5992,22055536.63
19990603,0,22.7493,22.8464,22.5285,22.6809,17056399.995
19990604,0,22.7912,23.1775,22.6809,23.1775,16521829.53
19990607,0,22.9568,23.2327,22.8332,23.0539,13018133.225
19990608,0,22.9148,22.9435,22.4601,22.5992,15602642.82
19990609,0,22.5837,22.7228,22.5153,22.6257,13554968.965
19990610,0,22.5153,22.5285,22.0319,22.2813,21672277.34
19990611,0,22.2946,22.6544,22.1158,22.2681,22701998.71
19990614,0,22.3078,22.9568,22.2946,22.8199,20470399.305
19990615,0,22.778,23.3011,22.736,23.012,18820031.73
19990616,0,23.1908,23.7845,23.1908,23.5925,24003999.88
19990617,0,23.4534,23.992,23.3983,23.9236,15878081.235
19990618,0,23.853,23.9369,23.6742,23.7581,22694256.555
19990621,0,23.7713,23.7713,23.1775,23.2879,17423351.875
19990622,0,23.2879,23.5925,23.1775,23.3563,12547441.4
19990623,0,23.2614,23.4534,22.9016,23.3431,16173454.165
19990624,0,23.0539,23.6742,22.778,23.5925,26196639.61
19990625,0,23.6874,23.7161,22.9148,23.0804,16081035.65
19990628,0,23.2195,23.5373,23.2195,23.385,16054308.455
19990629,0,23.5771,24.1024,23.427,24.0185,18368817.785
19990630,0,24.0605,24.6543,23.6742,24.5306,26572649.005
19990701,0,24.7359,24.7911,24.46,24.641,19663099.54
19990702,0,24.6675,24.9302,24.5439,24.8617,13892019.66
19990706,0,24.7731,25.464,24.7731,25.1606,19628685.44
19990707,0,25.34,26.2943,25.2713,26.1017,29086328
19990708,0,25.8515,26.1416,25.5481,25.8515,24125750
19990709,0,25.9068,26.1017,25.6721,25.9356,14255327.402
19990712,0,25.9622,25.9755,25.3953,25.3953,15217723.086
19990713,0,25.2979,25.6433,25.2846,25.588,13646996.512
19990714,0,25.6433,25.7696,25.3821,25.6433,12084852.294
19990715,0,25.7961,25.991,25.7408,25.9755,15772310.984
19990716,0,26.0043,26.3231,25.9489,26.3076,17378722.358
19990719,0,26.3497,26.5578,26.1283,26.5578,18986029.846
19990720,0,26.4471,26.4737,25.9755,26.0308,17895821.124
19990721,0,25.9201,26.1017,25.7142,25.9068,13491640.802
19990722,0,25.8249,26.0862,25.34,25.4928,18600343.14
19990723,0,25.464,25.6987,25.2293,25.4773,13551256.83
19990726,0,25.3666,25.6433,25.2005,25.2426,14662234.664
19990727,0,25.464,25.8803,25.2005,25.7275,14912883.596
19990728,0,25.6854,25.6854,25.1872,25.2426,13672287.9
19990729,0,25.0211,25.0211,24.3701,24.8285,19586227.246
19990730,0,24.7576,24.8684,24.0668,24.1221,17049941.39
19990802,0,23.9273,24.3436,23.8321,23.8719,18040337.096
19990803,0,23.9694,24.1221,23.6107,23.9428,18083692.368
19990804,0,23.8321,24.3436,23.6505,23.666,15375340.36
19990805,0,23.6926,24.2882,23.2497,24.2329,21403088.976
19990806,0,23.9428,24.1221,23.4999,23.6926,19864424.908
19990809,0,23.5686,23.666,23.2232,23.2497,16747357.554
19990810,0,23.1678,23.4712,22.7094,23.2364,22255739.166
19990811,0,23.3184,23.6926,23.263,23.5132,18103116.458
19990812,0,23.5686,23.6107,23.263,23.3184,14518171.204
19990813,0,23.4999,24.0114,23.4712,23.9273,15915930.71
19990816,0,23.9981,24.2749,23.9428,24.2749,12236142.934
19990817,0,24.5517,24.7311,24.3436,24.6757,16254640.926
19990818,0,24.7731,24.9237,24.565,24.7311,18475699.618
19990819,0,24.5229,24.6071,24.2882,24.565,17454587.484
19990820,0,24.6336,24.9791,24.5229,24.9658,13822224.574
19990823,0,25.0211,25.7541,25.0211,25.7408,19056930.896
19990824,0,25.6035,26.1017,25.588,25.8249,20549081.994
19990825,0,25.9201,26.5025,25.8803,26.4051,20653857.16
19990826,0,26.2678,26.4604,26.2257,26.3076,21866453.162
19990827,0,26.3231,26.3364,25.7828,25.8249,17290654.024
19990830,0,25.6987,25.7961,25.2426,25.2558,15230372.262
19990831,0,25.3533,25.5193,24.7997,25.0211,18372281.448
19990901,0,24.9658,25.1872,24.7864,25.1186,16199092.616
19990902,0,24.9392,25.1186,24.6624,25.0344,16617741.012
19990903,0,25.5747,25.8803,25.1053,25.7961,18584536.588
19990907,0,26.0308,26.5025,26.0308,26.4892,24076217.086
19990908,0,26.3497,26.7793,26.2943,26.7505,28100585.37
19990909,0,26.766,26.7793,26.1283,26.4892,17870984.124
19990910,0,26.5711,26.766,26.2811,26.3785,17728268.582
19990913,0,26.239,26.3076,26.0463,26.1969,12119624.492
19990914,0,26.115,26.115,25.6433,25.8382,14233653.352
19990915,0,26.115,26.2811,25.6721,25.6854,16016187.852
19990916,0,25.7961,26.0862,25.4928,25.9755,16393738.248
19990917,0,26.239,26.5578,26.1571,26.5578,24127703.426
19990920,0,26.8213,27.1247,26.4051,27.014,22710974.156
19990921,0,26.8058,26.8213,26.1416,26.3497,21577409.718
19990922,0,26.4051,26.5445,25.991,26.3497,19996295.246
19990923,0,26.4604,26.5578,25.8094,25.8803,21146118.866
19990924,0,25.6301,26.2943,25.6035,26.1571,24432088.58
19990927,0,26.3497,26.8058,26.2811,26.6398,20766310.016
19990928,0,26.5378,26.5933,25.594,26.2047,22905453.18
19990929,0,26.1359,26.4135,25.8449,25.8849,18089478.882
19990930,0,26.0115,26.6355,25.6229,26.3291,24256354.973
19991001,0,26.1781,26.2336,25.8449,26.0803,18600577.033
19991004,0,26.2469,26.6489,26.2469,26.6355,15409298.024
19991005,0,26.58,27.2596,26.4956,26.7888,24635054.544
19991006,0,26.8998,27.5371,26.8998,27.4261,22376188
19991007,0,27.3995,27.5793,26.9953,27.0108,20905511
19991008,0,27.2884,27.8014,27.0108,27.7037,27701609.012
19991011,0,27.495,27.6349,27.3573,27.3706,10947712.551
19991012,0,27.2329,27.2729,26.8443,26.982,16420672.742
19991013,0,26.8287,26.982,26.4556,26.5378,20100528.212
19991014,0,26.5112,26.7044,26.0115,26.691,29218219.681
19991015,0,26.2047,26.2047,25.6495,25.7339,35789908.606
19991018,0,25.6495,26.0803,25.4563,26.067,26878912.942
19991019,0,26.5378,26.7332,26.1914,26.2336,24376139.064
19991020,0,26.3713,27.0797,26.3291,26.9398,19866823.572
19991021,0,26.8021,27.3995,26.4268,27.3995,22021963.313
19991022,0,27.4261,28.0235,27.4128,27.7881,24780958.892
19991025,0,27.6771,27.968,27.455,27.8281,19861417.114
19991026,0,27.968,28.2589,27.7459,27.8836,25198379.653
19991027,0,27.8991,28.5232,27.8281,28.4254,18343454.822
19991028,0,28.8429,29.7157,28.7586,29.5225,38310701.3
19991029,0,29.8689,30.2709,29.6602,30.0643,27658379.41
19991101,0,29.6757,29.8423,28.7319,28.7586,28551320.874
19991102,0,28.8007,29.5647,28.4676,28.4943,27441782.697
19991103,0,29.5092,29.5225,28.8696,29.1605,19645717.914
19991104,0,29.4248,29.6602,28.9806,29.3559,18832029.353
19991105,0,29.578,29.9378,29.578,29.7024,19979393.113
19991108,0,29.7157,29.9111,29.4936,29.6757,14729335.686
19991109,0,29.8822,29.8822,29.4248,29.6047,14173665.037
19991110,0,29.4536,29.8267,29.2715,29.7446,16148689.015
19991111,0,29.7579,29.8822,29.578,29.7579,9487835.252
19991112,0,30.0777,30.1598,29.5913,30.0488,15877604.242
19991115,0,30.0355,30.2864,29.8001,30.0088,17577492.031
19991116,0,30.1754,30.966,29.98,30.966,23990676.175
19991117,0,30.7994,31.3812,30.6595,31.3413,24284274.48
19991118,0,31.0903,31.2991,30.5773,30.9526,23327829.85
19991119,0,30.9793,31.1458,30.5085,30.5485,20344143.354
19991122,0,30.604,31.1747,30.1465,31.1592,21616686.716
19991123,0,31.0082,31.0082,30.4374,30.6462,17348737.945
19991124,0,30.564,30.7306,30.3131,30.4108,13688241.645
19991126,0,30.3419,30.564,30.1199,30.1199,7960417.039
19991129,0,29.98,29.98,29.467,29.5092,18854996.469
19991130,0,29.2582,29.5358,28.8829,28.8829,20596761.754
19991201,0,28.9251,29.9666,28.8563,29.8423,23067107.57
19991202,0,30.2309,30.2309,29.6047,29.7312,16031158.872
19991203,0,30.1332,30.8416,30.1043,30.2709,23054052.92
19991206,0,30.2709,30.7705,30.202,30.5218,14033621.662
19991207,0,30.7572,31.0637,30.3131,30.7861,21552749.721
19991208,0,30.7572,31.7565,30.7306,31.7432,27480963.44
19991209,0,32.0341,32.1874,31.3413,31.6033,27557500.62
19991210,0,31.8809,32.8403,31.8676,32.7004,24679633.7
19991213,0,32.6737,33.1445,32.3539,33.0201,25436147.12
19991214,0,33.089,33.4221,32.8403,33.1578,32944008.75
19991215,0,33.2844,33.3955,31.9919,31.9919,27483208.95
19991216,0,32.4516,32.576,31.9231,32.5471,25598251.28
19991217,0,32.8114,34.3659,32.7848,33.8107,90141664.3
19991220,0,34.1727,34.2549,33.713,34.0328,29282168.66
19991221,0,34.1305,35.0877,34.0328,35.0055,27510223.1
19991222,0,35.2637,35.4307,34.54,35.1523,26865214.03
19991223,0,35.375,35.4574,34.7337,34.9698,17536766.51
19991227,0,35.1234,35.1367,34.7204,35.1234,15449203.79
19991228,0,35.277,35.2904,34.7471,35.2637,16396419.79
19991229,0,35.1791,35.1791,34.7894,34.8317,12762951.423
19991230,0,35.0121,35.0254,34.3864,34.4844,11923975.832
19991231,0,34.4554,34.6514,34.2461,34.4554,8784999.63
20000103,0,34.0658,34.2194,33.2175,33.4112,31644415.71
20000104,0,32.7855,32.9392,32.0753,32.1176,32139360.62
20000105,0,32.0063,32.7299,31.7413,31.9372,38213858.48
20000106,0,31.8682,32.7165,31.7569,32.4093,28712045.19
20000107,0,32.9525,33.8164,32.7299,33.6895,29408199.65
20000110,0,33.9968,34.3018,33.7185,33.7608,21201675.64
20000111,0,33.6205,33.9968,33.5381,33.7741,21816088.71
20000112,0,33.6338,34.1215,33.5225,33.9678,22062653.822
20000113,0,34.0947,34.4977,34.0658,34.3441,21244338.914
20000114,0,34.1504,34.4287,33.2999,33.5225,26519830.93
20000118,0,33.2732,33.2732,32.6742,32.9258,24430473.85
20000119,0,32.6186,33.6071,32.5629,32.9525,19891400
20000120,0,33.1885,33.3422,31.7569,32.5072,42003078
20000121,0,32.9392,33.0082,32.0486,32.0909,33951594.4
20000124,0,32.3536,32.4939,30.3787,30.795,38724060.83
20000125,0,30.7394,31.2559,30.5034,30.8373,36688603.73
20000126,0,31.2826,31.6589,30.9219,31.5053,22761053.92
20000127,0,31.5187,31.5187,30.5167,31.4919,26891713.21
20000128,0,31.2403,31.2826,29.753,29.9601,42228634.94
20000131,0,29.8354,30.2673,29.6261,29.6417,29563142.89
20000201,0,29.8911,30.5034,29.8354,30.2384,39141308.14
20000202,0,30.5323,30.6436,29.8643,29.9044,31582444.36
20000203,0,30.2673,31.129,30.1137,30.9064,29106378.45
20000204,0,31.394,31.8682,31.2826,31.5187,25641783.31
20000207,0,31.5476,31.561,30.2673,30.2807,24874663.75
20000208,0,30.4054,30.824,30.392,30.421,26839161.801
20000209,0,30.5034,30.657,29.8643,29.8911,22473160.86
20000210,0,29.9601,30.49,29.6417,30.1427,26986036.48
20000211,0,30.0714,30.5724,29.7374,29.7797,29279294.85
20000214,0,29.7797,30.2673,29.7374,29.92,21055710.121
20000215,0,29.8354,30.9487,29.822,30.6147,25626964.22
20000216,0,30.421,30.49,29.9467,29.9601,20792521.15
20000217,0,30.0313,30.1983,28.9448,29.1674,41774117.46
20000218,0,29.1674,29.3767,27.8449,27.8449,47920021.7
20000222,0,28.1098,28.9448,27.8449,28.7778,39187560.6
20000223,0,28.9448,29.5994,28.5841,29.0851,30609170.26
20000224,0,29.0138,29.5994,28.0675,29.1964,40346769.2
20000225,0,28.8335,29.1541,27.9852,28.1655,37616066.38
20000228,0,28.0542,29.4458,28.0275,28.7511,39615597.78
20000229,0,29.0851,29.8354,28.9737,29.5571,31369098.82
20000301,0,29.7241,29.8087,29.1118,29.2654,35466970.55
20000302,0,29.2521,30.3097,29.1407,30.1137,28664432.02
20000303,0,30.559,31.2826,30.5167,31.0333,33391982.1
20000306,0,31.1516,31.1516,30.0641,30.6224,25818467.08
20000307,0,30.6782,30.6782,28.9476,29.0302,42487272.3
20000308,0,29.086,29.5751,28.8203,29.2111,33774695.54
20000309,0,29.0994,29.4768,28.4027,29.2535,27016351.25
20000310,0,29.2267,29.9368,29.0302,29.4344,29529014.7
20000313,0,28.8069,29.1419,28.501,28.8493,27338334.83
20000314,0,28.9476,28.9744,28.3178,28.3335,27067406.2
20000315,0,28.3335,30.0775,28.1928,29.881,37337905.4
20000316,0,29.8542,31.1382,29.8118,30.9976,43306319
20000317,0,30.8457,31.5849,30.6358,31.2499,44846369.99
20000320,0,31.2365,31.6541,30.734,31.4866,22258814.72
20000321,0,30.9842,33.7063,30.8301,33.7063,53340824.41
20000322,0,33.608,33.9296,33.1904,33.6929,31434879.34
20000323,0,33.8313,35.5754,33.7063,35.5062,43902802.31
20000324,0,35.2002,35.6736,34.8228,35.5196,32997288.17
20000327,0,35.227,35.4503,34.8653,35.227,23461641.93
20000328,0,35.0037,35.4235,34.8921,34.8921,24073347.56
20000329,0,35.1444,36.8192,35.1444,36.6919,48709139.22
20000330,0,36.1761,36.2877,35.1846,35.6736,36221971.19
20000331,0,35.562,35.7027,34.5571,34.7804,29562145.1
20000403,0,34.6688,35.5062,34.6129,35.4794,27062028.65
20000404,0,35.4079,35.4637,32.8555,34.3896,47654999.4
20000405,0,33.972,34.6129,33.6505,34.2087,29217335.83
20000406,0,34.4186,35.2136,34.403,34.8228,19332386.469
20000407,0,35.2002,35.687,34.8787,35.4079,19289396.87
20000410,0,35.591,35.9528,35.2561,35.5352,20316672.42
20000411,0,35.3521,36.5959,35.2002,35.926,30362386.41
20000412,0,36.3168,36.4552,34.8362,35.0327,26512881
20000413,0,35.1444,35.1578,33.4964,33.4964,34743635
20000414,0,33.0498,33.5254,31.9466,32.1699,45694491.89
20000417,0,32.2414,34.2221,32.1297,33.9006,40705884.67
20000418,0,34.1239,35.2695,33.9296,34.9903,36373330.75
20000419,0,34.8496,35.0171,34.4186,34.8496,19937375.12
20000420,0,34.8496,35.3677,34.7246,35.3387,23212215.387
20000424,0,35.0595,36.6093,34.9055,36.1337,34554776.09
20000425,0,36.2319,37.1386,35.926,37.0425,32997739.56
20000426,0,37.0984,37.5025,36.022,36.3011,31073050.88
20000427,0,35.8411,36.1627,35.3253,36.0086,28967905.94
20000428,0,36.0376,36.1761,34.9613,35.1154,19372690.36
20000501,0,35.5062,36.1761,35.227,35.6178,17705047.539
20000502,0,35.5062,36.1337,35.3253,35.9528,17842076.39
20000503,0,35.6178,35.7295,34.5147,34.9055,23985576.46
20000504,0,35.1578,35.1712,34.1105,34.3762,21369470.299
20000505,0,34.3896,35.7295,34.278,35.1154,26152075.93
20000508,0,34.9234,35.4258,34.5884,35.131,16495494.58
20000509,0,35.0908,35.2985,34.086,34.8363,18844998.45
20000510,0,34.5013,34.8765,33.4562,34.1261,21288695.94
20000511,0,34.5013,35.0908,33.9989,34.1261,19598513.91
20000512,0,34.0391,35.2583,33.9587,34.9636,15345224.24
20000515,0,35.0439,36.4709,35.0038,36.3838,19090552.91
20000516,0,36.7188,36.9733,36.1761,36.3436,23752984.65
20000517,0,36.0086,36.4307,35.5933,35.9684,16365781.13
20000518,0,35.8412,36.4307,35.4258,35.6737,16880761.09
20000519,0,34.9234,35.2985,34.1663,34.6688,17331705.069
20000522,0,34.7559,34.7559,32.659,33.5366,24027942.7
20000523,0,32.9538,33.4562,32.7863,33.2485,16437584.25
20000524,0,32.8265,34.3338,32.8265,34.2936,21457665.75
20000525,0,33.9989,34.709,33.3289,34.0391,15920660.73
20000526,0,33.7912,34.1261,33.0342,33.2485,12389384.64
20000530,0,33.3691,34.4209,33.0811,34.374,18298973.18
20000531,0,34.6688,35.7139,34.5013,35.2985,19530296.44
20000601,0,34.8765,35.7608,33.9989,34.9636,18382565.65
20000602,0,35.7139,36.1761,34.6688,35.2985,17314985.82
20000605,0,34.8363,35.0038,34.2065,34.4209,13807148.21
20000606,0,34.5013,34.709,33.8716,34.2936,11437344.09
20000607,0,34.2534,35.131,34.1663,34.4209,14200474.49
20000608,0,34.5013,34.5884,33.7912,33.9989,12431928.238
20000609,0,34.2065,34.3338,33.1615,33.2887,14817855.8
20000612,0,33.4964,33.5835,32.4513,33.416,17449479.65
20000613,0,33.4964,34.5415,33.3289,34.2065,19256991.01
20000614,0,34.3338,34.709,33.7041,34.0391,14650521.74
20000615,0,33.8314,34.8363,33.7041,34.7559,16361151.87
20000616,0,34.8363,34.9636,34.2534,34.374,24620523.37
20000619,0,34.0391,34.6688,33.4964,34.4209,13746695.26
20000620,0,34.7961,34.7961,33.5835,33.9989,15473296.78
20000621,0,33.5366,33.751,32.9538,33.1213,19995727.15
20000622,0,32.9538,33.4964,32.1164,32.659,22230589.15
20000623,0,32.6188,33.416,32.5317,33.0811,14900997.34
20000626,0,33.0811,33.5366,32.8667,33.4562,13043633.41
20000627,0,33.4964,33.7041,32.8667,33.1213,12692548.63
20000628,0,33.3289,34.0391,33.1615,33.7912,18595865.19
20000629,0,33.8314,33.8314,33.0342,33.3289,18259269.56
20000630,0,32.994,34.1663,32.8265,34.1663,16655216.78
20000703,0,35.1712,35.1712,34.4209,34.8363,9784928.129
20000705,0,35.0965,35.0965,33.2494,33.5046,16421815.5
20000706,0,33.6255,34.2569,33.4576,33.7531,12905382.075
20000707,0,34.089,34.5928,33.7934,34.5122,14000508.12
20000710,0,34.4651,35.3518,34.3442,35.1839,17283796.19
20000711,0,35.1369,35.8556,34.9689,35.728,18046933.7
20000712,0,36.1914,36.1914,35.0965,35.8086,13901034
20000713,0,35.7683,36.272,34.8883,35.1369,23053002
20000714,0,35.1369,35.2645,34.6331,35.0965,15421522.5300001
20000717,0,34.6331,36.5676,34.6331,36.2317,26298037.07
20000718,0,36.0235,36.1041,35.1839,35.3921,17219335.6450001
20000719,0,35.56,35.8086,35.3048,35.728,13445500.72
20000720,0,35.728,36.7758,35.4727,36.5273,16016722.99
20000721,0,36.6952,36.7758,36.0235,36.44,17681143.7400001
20000724,0,36.3997,36.6952,36.0235,36.1444,13193752.885
20000725,0,36.272,36.3997,35.9362,36.1444,11962857.575
20000726,0,36.2317,36.2317,35.0562,35.4324,17792802.37
20000727,0,35.3518,35.6406,35.1369,35.2645,14512641.42
20000728,0,35.2645,35.3518,33.8405,34.089,14050082.39
20000731,0,34.6801,35.5197,34.5525,34.6331,17045303.89
20000801,0,34.8883,35.5197,34.7607,35.3921,11792691.31
20000802,0,35.2242,35.4727,34.5525,35.1369,15379832.46
20000803,0,36.1914,36.1914,34.8883,34.9286,18011201.7150001
20000804,0,34.848,35.728,34.3845,35.4727,13141796.725
20000807,0,35.0159,36.0235,34.9286,35.728,10972390.57
20000808,0,35.6406,36.1444,34.9286,36.1041,12607187.95
20000809,0,36.1914,37.7431,36.0235,37.6154,29975247.3300001
20000810,0,37.5348,38.4148,37.2796,38.2468,26139928.49
20000811,0,37.7028,38.4551,37.4475,37.9513,17459319.2700001
20000814,0,37.8707,38.3745,37.4878,38.3745,10953629.27
20000815,0,38.1192,38.5424,37.7028,38.4148,14420484.065
20000816,0,38.4551,38.4551,37.7431,38.0789,10645458.79
20000817,0,37.8237,38.4551,37.6154,38.0386,14445198.13
20000818,0,37.7431,37.9513,37.4072,37.7431,11286074.025
20000821,0,38.0789,38.3274,37.7028,38.2065,11343831.33
20000822,0,38.0386,38.2468,37.6557,37.7834,11630418.06
20000823,0,37.7834,38.9992,37.7028,38.8782,16371641.02
20000824,0,38.9992,40.0067,38.7909,39.5499,16709292.16
20000825,0,39.6709,40.0067,39.5499,39.8388,11467248.76
20000828,0,39.9664,40.6381,39.8858,40.3426,17468398.8800001
20000829,0,40.0067,40.262,39.7179,40.094,10936063.46
20000830,0,39.7179,39.8388,38.3745,38.623,14778975.55
20000831,0,38.4551,39.8388,38.4148,39.4626,15045163.65
20000901,0,39.7985,39.8858,38.8312,38.9588,10829914.1
20000905,0,39.2544,39.5499,38.9185,39.4223,13369277.105
20000906,0,39.5903,39.7985,39.2947,39.5903,20939425.03
20000907,0,39.5499,39.7582,39.0865,39.5903,11528438.34
20000908,0,39.5029,40.3023,39.1268,40.2217,15394573.345
20000911,0,39.9664,40.3426,39.4223,40.0537,16934985.54
20000912,0,39.9664,40.1343,39.5499,39.8388,14448769.22
20000913,0,39.5029,40.0537,39.335,39.8388,10795676.21
20000914,0,39.7582,39.8858,39.0865,39.4626,10832147.715
20000915,0,39.2947,39.382,37.8707,38.1595,28439158.95
20000918,0,38.0789,39.2141,38.0386,38.7909,18150696.93
20000919,0,38.6633,38.9185,38.0386,38.2871,17061233.54
20000920,0,38.0386,38.3274,36.9437,38.0386,20277079.49
20000921,0,37.3669,38.8312,37.3199,38.7103,15167241.97
20000922,0,38.8782,38.9588,37.0311,38.4148,19931247.08
20000925,0,38.2871,39.1671,38.2065,38.9992,15453976.3
20000926,0,38.3274,39.5029,38.3274,39.2141,19736066
20000927,0,39.0865,40.0067,38.8312,39.8858,20910395.11
20000928,0,39.7582,40.1343,39.382,39.5903,15413628.35
20000929,0,39.3054,39.642,38.8408,38.8812,12669997.998
20001002,0,39.0495,39.642,38.8812,39.3458,15917740.24
20001003,0,39.4737,40.3153,39.3862,39.8507,17236384.13
20001004,0,39.642,40.2277,39.4737,39.7228,15963189
20001005,0,39.8103,40.3557,39.5545,40.2277,16713268.367
20001006,0,40.0594,40.3557,38.9216,40.019,19072057.8
20001009,0,39.8103,40.2681,39.3458,39.4737,13544685.033
20001010,0,39.5545,39.8507,38.7129,39.0495,14993423
20001011,0,38.2079,38.8408,37.2384,38.3359,24710978
20001012,0,38.08,38.4638,36.3564,36.9489,24712164.76
20001013,0,36.7806,38.8004,36.6931,38.4638,22355002.04
20001016,0,38.3763,38.9687,38.1271,38.8004,17795896.316
20001017,0,38.8408,38.8408,36.9893,37.4943,24114484.357
20001018,0,36.1881,37.5751,35.6024,37.2384,25653089.93
20001019,0,37.3664,37.6626,36.444,37.4067,17856045.616
20001020,0,36.8614,37.198,34.7608,34.882,24620970.02
20001023,0,33.8721,35.0099,32.9901,33.3671,98907048.7
20001024,0,34,35.939,33.7038,35.8111,66510547.67
20001025,0,35.939,36.2757,35.0974,35.6024,41133713.41
20001026,0,35.6832,35.939,34.5925,35.1782,25346381.57
20001027,0,35.4745,35.8111,34.8416,35.0974,20438828.32
20001030,0,35.3062,36.3161,35.1782,36.3161,25159235.58
20001031,0,36.444,36.9893,36.2285,36.8614,23538634.15
20001101,0,36.8614,36.9893,36.2757,36.6527,22071906.82
20001102,0,36.5248,37.0297,36.0198,36.1073,20392485.327
20001103,0,36.2285,36.2757,35.6428,35.8111,17247225.476
20001106,0,36.0602,36.7335,35.8919,36.6527,16518545.092
20001107,0,36.6931,37.0701,36.444,37.0297,13910813.664
20001108,0,36.9489,37.198,36.444,36.7806,13509339.434
20001109,0,36.3968,36.9489,35.7707,36.6527,17258217.786
20001110,0,36.1881,36.6123,35.8515,36.3161,16048000.838
20001113,0,35.0099,35.8515,34,34.5454,26408375.349
20001114,0,34.6329,35.7707,34.505,35.5149,20377485.34
20001115,0,35.2658,35.7236,34.7137,35.3465,16064044.41
20001116,0,35.1782,35.6832,35.0503,35.3465,13966957.955
20001117,0,35.4745,35.9794,34.4646,34.8012,16605580.633
20001120,0,34.505,34.9695,33.7038,33.7509,21376789.3
20001121,0,33.7038,34.7137,33.623,34.2559,17346595.626
20001122,0,33.6634,33.7038,32.5727,32.9901,30447039.23
20001124,0,33.3267,33.5355,33.0305,33.3267,9340863.965
20001127,0,33.7509,34.2087,33.0776,33.1988,20980514.21
20001128,0,33.0776,33.7913,32.8218,33.5826,20331739.76
20001129,0,33.1584,34.2962,32.9901,33.4951,16862688.107
20001130,0,33.1584,33.7038,32.2764,33.2864,26588982.4
20001201,0,34.2559,34.6329,33.8721,34.2962,26005850.47
20001204,0,34.3366,34.9291,34.2087,34.7137,16859269.843
20001205,0,34.8416,36.6931,34.7608,36.444,28725872.39
20001206,0,36.0602,36.444,35.6024,36.2285,22354852.39
20001207,0,35.7707,36.444,35.7707,35.939,14515328.181
20001208,0,36.6931,37.4067,36.5652,37.1576,22662314.77
20001211,0,37.1576,37.8309,36.6123,37.4539,22125377.09
20001212,0,36.2757,37.0297,35.2186,35.5553,36251411.16
20001213,0,35.5553,36.1073,35.5149,35.6832,24886983.217
20001214,0,35.5149,35.5553,34.6733,34.7137,20823516.117
20001215,0,33.9192,34.505,33.1584,33.5826,48542345.74
20001218,0,34.0404,34.6329,34,34.3366,19821095.27
20001219,0,34.3366,34.6329,33.7038,33.7509,21345161.17
20001220,0,32.6939,33.2864,32.1081,32.1081,27337131.88
20001221,0,32.0206,32.6535,31.7715,32.1889,27185185.15
20001222,0,32.4044,33.246,32.2361,32.7814,16913484.06
20001226,0,32.741,33.2864,32.3572,33.1584,12388536.73
20001227,0,33.1853,33.6041,32.5909,32.6787,16199051.39
20001228,0,33.057,33.2258,32.1721,32.6787,17455082.21
20001229,0,32.7598,32.9692,32.1721,32.2937,13663294.51
20010102,0,31.5777,31.6655,28.7948,29.342,49862069.7
20010103,0,29.8891,32.3815,29.5919,32.2937,55433671.8
20010104,0,31.956,32.9286,31.8344,32.5099,38522518.08
20010105,0,32.2532,32.2937,31.1589,32.0033,32570567.26
20010108,0,31.9155,31.9155,30.0985,30.7334,32791019.55
20010109,0,31.0306,31.24,29.5513,30.1458,28173862.65
20010110,0,29.808,30.4835,29.1731,30.1863,34903947.29
20010111,0,30.8212,31.7466,30.6523,31.4967,33720903.78
20010112,0,31.6183,31.7061,30.3551,30.8617,23234557.64
20010116,0,30.8617,32.1248,30.8212,31.956,25212032
20010117,0,32.4221,32.7598,31.3683,31.5372,32480737
20010118,0,32.0033,32.4626,31.4967,32.2127,27718763.62
20010119,0,32.2937,32.5099,31.4967,31.7466,26802793.72
20010122,0,31.6655,32.0033,30.6929,30.8617,27946017.21
20010123,0,31.4089,31.8344,31.1589,31.4967,29851677.61
20010124,0,31.4089,31.8749,30.9428,31.24,26619655.81
20010125,0,31.3278,31.8749,30.9428,30.9901,29168888.7
20010126,0,31.3683,31.6183,30.0985,30.2268,37489017.59
20010129,0,30.3079,31.24,29.7202,29.9904,32628905.29
20010130,0,30.2336,31.2535,30.0039,31.1995,27804780.44
20010131,0,31.5777,31.7128,30.7739,31.0711,29395696.64
20010201,0,31.4089,31.5642,30.9698,31.2062,23726219.12
20010202,0,31.24,31.679,30.9698,31.3075,22470631.03
20010205,0,31.3278,32.4896,31.0711,32.314,30664755.87
20010206,0,32.3207,32.4828,31.8817,32.2532,22348044.48
20010207,0,32.1991,32.287,31.4899,31.7398,18167488.304
20010208,0,32.2532,32.5234,31.7669,31.8479,21634758.62
20010209,0,31.8412,31.8479,30.6591,30.8482,26305360.74
20010212,0,30.8415,32.3005,30.8009,32.1451,25592209.74
20010213,0,32.1924,32.4153,31.8344,31.983,20041473.16
20010214,0,31.8547,31.8749,31.1454,31.2738,16797307.09
20010215,0,31.2738,32.4896,31.1725,32.341,31302703.017
20010216,0,31.4089,31.9695,31.2467,31.7398,23605264.9
20010220,0,31.8817,32.6247,31.8614,32.2127,27801819.41
20010221,0,32.2194,32.726,31.4224,31.9425,26007634.45
20010222,0,31.983,32.0843,31.1117,31.7736,31890745.39
20010223,0,31.4426,31.7466,30.3957,31.186,32619429.81
20010226,0,31.7466,32.4288,31.1725,32.3545,29464092.632
20010227,0,32.0708,32.4221,31.7466,32.4085,32190392.04
20010228,0,32.4221,32.5842,30.8009,31.4359,34859681.34
20010301,0,30.7334,31.0711,30.3349,31.0576,33309190.06
20010302,0,30.6321,30.8415,30.0715,30.1255,30216028.91
20010305,0,30.3357,30.7492,30.234,30.5662,22721138.66
20010306,0,31.3526,31.5898,30.7221,30.7831,21847838.54
20010307,0,30.8238,31.3593,30.8238,31.1288,19168216.44
20010308,0,31.2848,31.4271,30.5052,31.0475,22174888.23
20010309,0,30.6747,30.756,29.4545,29.7053,27698767.8
20010312,0,29.1494,29.3528,26.1667,27.0479,62487294.81
20010313,0,28.1326,28.8105,27.6241,28.6817,60880408.5
20010314,0,27.6241,28.641,27.1835,27.7936,49956105.22
20010315,0,28.1326,28.3698,27.5902,27.8139,34343176.87
20010316,0,27.3869,28.302,27.1835,27.5225,57550334.15
20010319,0,27.5902,28.2139,27.2174,27.8478,28905002.58
20010320,0,28.1326,28.5393,27.1157,27.1564,30273509.6
20010321,0,27.1496,27.5225,26.3497,26.4717,38260763.94
20010322,0,26.2684,26.309,24.6889,25.4956,73713548.8
20010323,0,26.2684,27.0479,25.8616,27.0412,52491474
20010326,0,27.4547,27.7936,27.1496,27.2513,36410173.8
20010327,0,27.6241,28.6342,27.4208,28.5461,36388927.49
20010328,0,27.9631,28.2003,27.658,28.119,30291942.47
20010329,0,27.997,28.119,27.5902,27.9292,28163301.87
20010330,0,28.302,28.3969,27.9427,28.18,30239134.46
20010402,0,28.1461,28.9121,27.6784,28.2953,32441840.95
20010403,0,28.1665,28.1936,26.6141,26.8717,30225566.71
20010404,0,26.8107,27.7258,26.4649,26.8513,37285382.76
20010405,0,27.7936,28.641,27.5225,28.4376,33748393.34
20010406,0,28.1665,28.2681,27.353,27.9089,33219409.15
20010409,0,28.0919,28.7427,27.9292,28.3359,23292175.68
20010410,0,28.9799,29.8273,28.8782,29.7459,36408244.55
20010411,0,30.0984,30.1662,28.9664,29.3256,26331295
20010412,0,29.5222,30.295,29.2985,30.2747,23370500
20010416,0,30.1866,30.3357,29.7256,30.2205,17924216.11
20010417,0,29.8951,30.817,29.7798,30.817,27043647.98
20010418,0,31.1017,32.5117,30.8577,32.4575,49275466.9
20010419,0,32.1999,32.9117,32.0847,32.871,29991163.99
20010420,0,32.8846,33.0473,32.1999,32.6067,31345366.06
20010423,0,32.3694,32.3762,31.7254,32.044,22678360.22
20010424,0,31.861,32.4033,31.1085,31.1831,24316081.6
20010425,0,31.6576,32.8643,31.4203,32.4982,24530419.41
20010426,0,33.1829,33.4811,32.871,33.4201,28689483.63
20010427,0,33.4201,33.8065,32.9117,33.7726,18741602.42
20010430,0,33.8879,33.9014,32.5389,32.9388,23732655.12
20010501,0,32.5728,33.1829,32.4033,33.1829,17423104.49
20010502,0,33.2371,33.515,32.6202,33.2913,23426856.26
20010503,0,33.2845,33.2913,32.5456,32.8846,23510796.54
20010504,0,32.2677,33.8811,32.2067,33.8336,25136269.383
20010507,0,33.8472,33.8946,33.5354,33.8675,19447318.72
20010508,0,33.8675,33.8946,33.0202,33.4947,20409420.15
20010509,0,33.2168,34.1658,33.0269,33.4811,27050724.25
20010510,0,33.9963,34.0302,33.4947,33.7726,18248601.14
20010511,0,33.7862,33.8946,32.8846,33.2371,16444484.36
20010514,0,33.2235,33.8608,33.0744,33.7455,14572507.64
20010515,0,33.7116,34.1387,33.3523,33.9285,23570679.684
20010516,0,33.8879,35.2504,33.6574,35.2369,32700292.86
20010517,0,35.2504,35.6775,35.0471,35.3318,26814706.13
20010518,0,35.325,35.908,35.2098,35.8809,23397652.01
20010521,0,35.9216,36.3012,35.725,36.1927,21855072.25
20010522,0,36.03,36.1249,35.0471,35.725,23776022.91
20010523,0,35.5555,35.8131,34.7013,34.7759,19708862.85
20010524,0,34.742,35.203,34.3827,34.7624,17778912.12
20010525,0,34.7081,34.7081,33.5896,33.8743,21122508.31
20010529,0,34.159,34.2675,33.6235,33.6642,16685817.83
20010530,0,33.6709,33.9285,33.2168,33.2371,20227530.94
20010531,0,33.3184,33.6574,33.0473,33.2371,16954446.1
20010601,0,33.21,33.4947,32.5389,33.2303,18041787.78
20010604,0,33.2845,33.6371,33.0812,33.4879,17311877.5
20010605,0,33.3523,33.454,32.9592,33.3252,20829246.082
20010606,0,33.2168,33.4133,32.8168,33.0066,17488304.93
20010607,0,33.0473,33.2032,32.6541,33.149,15318347.38
20010608,0,33.1083,33.1083,32.3694,32.6677,21540420.891
20010611,0,32.4372,33.1829,31.9898,32.1321,23286711.91
20010612,0,32.1321,33.3998,31.3526,33.0541,52820585.75
20010613,0,32.6067,33.4133,32.3355,32.3694,42756453.75
20010614,0,32.4372,34.037,32.3694,33.1219,81814689.5
20010615,0,32.7422,33.454,32.5389,33.1151,61585510.61
20010618,0,33.2168,33.7048,32.9049,33.2506,26847893.756
20010619,0,33.7591,33.8811,33.0405,33.1151,30453630.78
20010620,0,33.0134,34.4709,32.9253,34.4031,41450938.81
20010621,0,34.1658,35.5351,34.098,34.6539,42165503.13
20010622,0,34.6403,35.5419,34.5725,35.1352,33429021.212
20010625,0,35.0471,35.664,33.9963,34.098,37569941
20010626,0,33.2168,33.8743,33.0812,33.0812,42935972.94
20010627,0,33.0134,33.2845,32.3084,32.81,36012325.22
20010628,0,32.3694,33.5218,32.1253,33.149,32791019.198
20010629,0,33.2168,34.6336,32.8643,33.0812,53820592.21
20010702,0,33.1625,34.0302,33.0812,33.9963,29767380.32
20010703,0,33.5557,33.8472,33.393,33.4879,25474819.016
20010705,0,33.1884,33.5965,32.9232,32.9572,26682310.975
20010706,0,32.7804,32.8008,31.6922,31.8963,31935863.78
20010709,0,31.8963,32.0527,31.4882,31.9099,22247906.11
20010710,0,31.7943,32.1275,31.0734,31.1414,24163969.14
20010711,0,31.1482,31.2434,30.06,30.2981,37517797
20010712,0,31.2162,32.1003,30.5361,31.9915,28528996
20010713,0,31.6922,32.4743,31.3794,32.3111,23637129.97
20010716,0,32.0663,32.3043,31.1346,31.3726,19000396.83
20010717,0,31.1142,31.6378,30.8693,31.5494,17916570.4
20010718,0,31.0122,31.4542,30.8761,31.3862,23151899.6
20010719,0,31.4882,32.2703,31.3046,31.5358,16995075.51
20010720,0,31.7603,31.9303,31.4066,31.7671,16662183.886
20010723,0,31.6242,31.7058,30.7401,30.8081,19942035.92
20010724,0,30.8761,30.9781,29.4139,29.8968,34514784.53
20010725,0,30.196,30.5429,29.3459,29.788,33836198.03
20010726,0,29.89,29.992,29.3935,29.7812,32215692.19
20010727,0,30.026,30.5021,29.4819,30.3797,21762379.416
20010730,0,30.2981,30.5361,29.4479,29.6384,23268208.63
20010731,0,29.4819,30.094,29.2439,29.5908,30830431.19
20010801,0,29.2439,29.6044,28.8359,29.0467,32454919.52
20010802,0,29.3119,29.3663,28.6318,28.7134,32678563.21
20010803,0,28.7679,29.1079,28.4686,29.0399,21256861.96
20010806,0,28.8359,28.9107,28.0742,28.1558,27018441.31
20010807,0,28.1898,29.1487,28.0606,29.0535,29866881.06
20010808,0,28.8019,28.9039,28.2238,28.3394,20597683.16
20010809,0,28.3258,28.7338,28.0538,28.4618,20714430.97
20010810,0,28.5638,29.1147,28.1422,28.9447,18345777.38
20010813,0,28.9039,29.3187,28.1966,28.693,19717358.06
20010814,0,28.9719,29.0739,28.3598,28.5094,17296802.22
20010815,0,28.5638,28.7747,28.3666,28.3938,21098790.02
20010816,0,28.2442,28.4958,27.8293,28.2782,23094555.14
20010817,0,28.0878,28.1558,27.4417,27.6797,21580930.74
20010820,0,27.8837,28.4958,27.4825,28.2238,17355173.51
20010821,0,28.2374,28.4482,27.4757,27.5641,19675894.17
20010822,0,27.5777,28.0878,27.4009,27.7477,22049104.13
20010823,0,27.8157,28.0946,27.6185,27.8973,13195146.65
20010824,0,27.9517,28.7406,27.8905,28.5162,18489287.19
20010827,0,28.5638,28.9447,28.3258,28.7202,19744561.44
20010828,0,28.7338,28.7679,27.9857,27.9925,17098736.29
20010829,0,28.3258,28.3258,27.5777,27.6933,16293552.81
20010830,0,27.6797,28.2238,27.0948,27.3329,30366078.74
20010831,0,27.3057,28.0198,27.2512,27.8089,22764012.436
20010904,0,27.8157,28.6794,27.4417,27.7885,25419687.57
20010905,0,27.8701,28.557,27.5437,28.3054,28475602.21
20010906,0,28.0878,28.2374,27.5369,27.5437,25628626.36
20010907,0,27.2036,27.4077,26.7548,26.9724,33049251.52
20010910,0,26.5304,27.3125,26.4487,26.7208,34297904.04
20010917,0,24.1432,25.2994,23.4631,23.9732,100187611.9
20010918,0,23.9392,24.6193,22.8239,22.9599,64256533.8
20010919,0,23.3951,23.5652,21.0828,22.1098,80584502.3
20010920,0,21.2868,21.4433,20.6816,20.702,65309638.8
20010921,0,19.7226,22.1098,19.3826,21.4297,121397821.6
20010924,0,22.9531,24.1228,22.273,23.8712,99773866.6999999
20010925,0,23.946,24.5513,23.5788,24.082,59687306.5
20010926,0,24.5941,24.5941,23.9041,24.1501,35839976.9
20010927,0,24.3209,24.5941,23.9246,24.5121,28932912.81
20010928,0,24.7991,25.4822,24.5941,25.3524,42403491.9
20011001,0,25.4822,25.7965,25.3115,25.7487,32967192.44
20011002,0,25.653,26.0356,25.0655,25.9605,30084894.44
20011003,0,25.7214,26.2816,25.5506,26.0698,35389137.9
20011004,0,26.2679,26.4387,25.3456,25.5369,37154881.9
20011005,0,25.4891,25.7487,24.7376,25.6462,30974275.87
20011008,0,25.1065,25.4481,24.7649,25.1202,21827800.96
20011009,0,25.1407,25.3934,24.8742,25.1817,19397658.97
20011010,0,25.1475,26.0561,24.9425,25.9195,24951035
20011011,0,26.2337,26.9784,26.1654,26.5753,32642839
20011012,0,26.6026,26.7393,25.6257,26.5617,29482848.61
20011015,0,26.3362,26.6983,26.0015,26.5412,17305207.7
20011016,0,26.548,26.8144,26.0288,26.2679,22812768.39
20011017,0,26.4728,26.4797,25.291,25.3183,30109632.06
20011018,0,25.3456,25.6189,25.1748,25.4071,21238049.81
20011019,0,25.2773,25.5506,24.9699,25.4071,21994525.7
20011022,0,25.3798,25.8238,25.2841,25.7009,22842483.05
20011023,0,25.9605,25.9946,25.2226,25.4071,21226335.97
20011024,0,25.4686,25.8921,25.209,25.3115,22488684.81
20011025,0,25.1748,25.9331,24.5941,25.8717,30615948.48
20011026,0,26.1244,26.63,25.6872,26.548,25979910.45
20011029,0,26.4045,26.4728,25.4618,25.6052,19797557.9
20011030,0,25.1065,25.2636,24.8264,24.8674,20242692.26
20011031,0,25.004,25.3798,24.7649,24.8196,20509383.23
20011101,0,24.7649,26.1176,24.6283,26.0083,25114976.06
20011102,0,25.6872,26.2337,25.3319,25.9741,18991610.17
20011105,0,26.3704,26.7119,26.2611,26.4523,21015118.8
20011106,0,26.4865,27.3131,26.2679,27.156,23057949.69
20011107,0,27.0877,27.2995,26.7051,26.8076,21389400.57
20011108,0,27.0194,27.6479,26.9511,27.4976,27406214.23
20011109,0,27.5249,27.6547,27.2175,27.6274,16173570.99
20011112,0,27.2585,27.4293,26.3772,26.9852,27931694.13
20011113,0,27.3268,27.7299,27.1902,27.6957,22654825.79
20011114,0,27.9758,28.2832,27.6752,27.969,19824341.38
20011115,0,27.928,28.4199,27.846,28.2901,22483570.29
20011116,0,28.3857,28.3857,27.5044,27.928,22840724.83
20011119,0,28.1124,28.4062,27.805,28.1466,19290225.31
20011120,0,28.1466,28.536,27.8733,28.1193,19452986.22
20011121,0,28.01,28.1466,27.4361,27.6206,16935311.79
20011123,0,27.7709,28.1466,27.7025,28.1466,7508232.541
20011126,0,28.3174,28.5019,28.01,28.2218,17040265.04
20011127,0,28.1466,28.5428,27.7572,28.0373,19465871.17
20011128,0,27.4976,28.01,26.7393,26.8554,33516538.22
20011129,0,26.8827,27.1833,26.7393,27.1492,20330223.99
20011130,0,27.1423,27.2448,26.2679,26.302,30622831.1
20011203,0,26.2337,26.2337,24.9835,25.2295,46783808.83
20011204,0,25.7897,26.1039,25.2773,25.4891,39369120.14
20011205,0,25.6872,26.1381,25.3524,25.6189,48715835.5000001
20011206,0,25.8921,26.2269,25.653,25.7897,26455933.76
20011207,0,25.7965,25.7965,25.3115,25.3593,22254191.37
20011210,0,25.4139,26.0629,25.0382,25.1543,28323988.2
20011211,0,25.5164,25.6189,24.8947,24.9972,28923248.28
20011212,0,25.5847,25.5916,24.7376,25.2431,30970030.07
20011213,0,25.1748,25.8921,24.9699,25.3251,35348593.45
20011214,0,25.3115,25.9536,24.9016,25.7555,35971130.14
20011217,0,25.8238,26.5412,25.7555,26.302,35900724.11
20011218,0,27.156,27.3951,26.8827,27.1628,45766362.25
20011219,0,27.1219,27.9963,26.9852,27.764,37206833.5
20011220,0,27.8733,28.1193,27.7572,27.8938,25428808.93
20011221,0,28.0783,28.2764,27.9417,28.2081,40332556.94
20011224,0,28.2491,28.2764,28.01,28.0988,8095935.076
20011226,0,27.9417,28.2013,27.7025,27.7709,18797223.6
20011227,0,27.7918,28.0662,27.6476,28.0594,16606425.73
20011228,0,27.977,28.2378,27.7231,27.9702,18928292.55
20011231,0,27.8261,27.9976,27.5173,27.5173,17005136.12
20020102,0,27.6545,28.08,27.4143,28.0388,22090707.87
20020103,0,27.7574,28.08,27.483,27.8604,23593873.37
20020104,0,27.9976,28.3682,27.6408,28.0457,27378249.16
20020107,0,27.8947,28.0319,26.8311,27.0301,37753699.52
20020108,0,27.2085,27.4555,26.4879,26.7075,33150773.65
20020109,0,26.5566,27.1742,26.2066,26.4605,28040145.13
20020110,0,26.4536,26.6938,26.3507,26.5223,20282674.18
20020111,0,26.8311,26.8654,26.186,26.2203,23109626.8
20020114,0,26.2135,26.385,25.9252,26.0007,28695332.17
20020115,0,25.939,26.7556,25.7811,26.5909,31602002.69
20020116,0,26.3507,26.4125,25.8841,25.939,30686702
20020117,0,26.6938,26.7007,26.2821,26.5566,28086928
20020118,0,26.3781,26.6938,26.2478,26.5085,24062682.65
20020122,0,27.0712,27.0712,26.2135,26.2821,23715411.27
20020123,0,26.2821,26.2889,25.7262,25.8703,30730693.79
20020124,0,26.1448,26.4811,25.6233,25.7331,26419525.18
20020125,0,26.0762,26.337,25.8086,26.3095,21475161.06
20020128,0,26.4879,26.5017,25.9115,26.1791,19303540.07
20020129,0,26.0762,26.2272,24.8548,25.0263,48808814.1
20020130,0,24.9783,25.5959,23.6676,25.2939,86195869.4
20020131,0,25.39,25.5478,24.841,25.4174,39382344.18
20020201,0,25.3214,25.4586,24.9234,25.2871,28420197.3
20020204,0,24.6352,24.6352,23.8254,24.0107,55216427.9
20020205,0,24.0862,25.0949,24.0176,24.841,62741161.1
20020206,0,24.944,25.4518,24.6626,25.3488,46480537.83
20020207,0,25.3969,25.9733,25.0812,25.5204,32930445.74
20020208,0,25.6645,25.8841,24.8616,25.4861,31046630.8
20020211,0,25.5616,26.0076,25.4243,25.9047,21756117.07
20020212,0,25.7331,25.8017,25.3557,25.6645,22611678.97
20020213,0,25.8703,26.3301,25.7331,26.1105,26072834.91
20020214,0,26.1448,26.6595,25.7606,26.0625,27616512.42
20020215,0,26.0762,26.0762,25.4037,25.4655,28083280.1
20020219,0,25.3214,25.39,24.944,24.9508,22372545.36
20020220,0,25.0675,25.9047,24.8067,25.7468,29893495.84
20020221,0,26.0625,26.3919,25.6508,25.8841,37844197.67
20020222,0,25.7468,26.337,25.4449,26.0556,27244767.47
20020225,0,26.1105,26.9546,26.0762,26.8585,33917155.2
20020226,0,26.8997,26.934,26.4193,26.5703,26165949.72
20020227,0,27.0597,27.2182,26.5288,26.6943,31598802.67
20020228,0,27.0597,27.3354,26.515,26.6116,30203418.47
20020301,0,26.9563,27.1976,26.6805,27.1562,27903945.92
20020304,0,27.4389,27.7491,27.2114,27.6871,44782510.19
20020305,0,27.5423,28.1283,27.4389,27.9559,32302869.56
20020306,0,27.9215,28.7281,27.8525,28.6385,33575094.9
20020307,0,28.7832,28.8177,27.8525,28.1834,34271196.99
20020308,0,28.6109,28.8453,27.7422,27.9559,38365363.9
20020311,0,28.2662,28.5212,28.1696,28.3834,32400200.59
20020312,0,27.9215,28.6316,27.8043,28.3213,27410924.46
20020313,0,28.0938,28.1007,27.5216,27.5699,32642869
20020314,0,27.7491,27.9559,27.5767,27.8663,19150627.19
20020315,0,27.9559,28.1972,27.494,27.6802,43948886.69
20020318,0,27.7491,27.9559,27.3906,27.5423,26854365.2
20020319,0,27.5767,27.6457,27.2941,27.5078,24345734.65
20020320,0,27.3975,27.6733,26.5426,26.7425,36430549.87
20020321,0,26.4047,26.6116,25.3706,25.8256,78004992.1
20020322,0,25.867,26.191,25.5292,26.0876,41925480
20020325,0,26.2806,26.3565,25.4602,25.5154,33700270.72
20020326,0,25.5774,26.0738,25.5085,25.6946,27822719.95
20020327,0,25.6946,26.2462,25.543,25.8118,26514809.65
20020328,0,25.9911,26.1565,25.674,25.8187,24712853.18
20020401,0,25.543,25.8187,25.2051,25.7222,29578980.82
20020402,0,25.6464,25.6464,25.3017,25.5774,23540993
20020403,0,25.5774,25.6602,24.8191,25.2672,24284369.42
20020404,0,25.3361,25.7498,25.2603,25.736,26051802.31
20020405,0,25.9221,26.06,25.3499,25.605,20347000.8
20020408,0,25.1638,25.4327,25.081,25.4051,23863152.18
20020409,0,25.3706,25.474,24.957,25.1224,22358839.01
20020410,0,25.1845,25.7567,25.0604,25.6808,31566756
20020411,0,25.3017,25.3499,23.0611,23.3092,101926014
20020412,0,23.7505,23.7505,22.7508,23.0611,67688764.6
20020415,0,22.8198,22.9232,21.8132,21.9925,90330305.9
20020416,0,22.4061,22.999,22.1924,22.8473,61891138.8
20020417,0,23.0955,23.4264,22.8956,23.1645,41044580.22
20020418,0,23.2058,23.454,22.7508,23.3575,38001146.76
20020419,0,23.5436,23.5436,23.0611,23.2265,26523509.65
20020422,0,23.13,23.13,22.6129,22.6612,25318430.29
20020423,0,23.0955,23.4264,22.5095,22.5922,26985926.65
20020424,0,22.6474,22.8611,22.3234,22.413,29695464.73
20020425,0,22.2337,22.8818,21.9304,22.1097,38243962.5
20020426,0,22.6129,22.6129,21.7029,21.8132,31742401.6
20020429,0,21.889,21.9787,21.1238,21.2755,31283028.62
20020430,0,21.2341,21.9925,20.717,21.7512,54259213.19
20020501,0,21.889,21.9649,21.1858,21.889,36360922.0799999
20020502,0,21.8201,21.958,21.3444,21.7029,26584428.24
20020503,0,21.5788,21.7856,21.1927,21.6615,26894544.41
20020506,0,21.7512,22.0959,21.2961,21.3375,31952714.56
20020507,0,21.372,21.6202,21.0342,21.1031,28117311.58
20020508,0,21.6133,22.7646,21.5443,22.6336,47095631.4000001
20020509,0,22.4061,22.4199,21.6133,21.6684,45440170.6
20020510,0,21.889,21.889,20.7584,21.1307,36452302.61
20020513,0,21.0617,21.4064,20.6826,21.2617,31607210.78
20020514,0,21.7512,21.827,21.303,21.7167,38872614.62
20020515,0,21.6822,21.8546,21.3168,21.3306,38422659.6
20020516,0,21.6133,22.0614,21.4685,22.0269,32171166.37
20020517,0,22.3372,23.0266,22.0614,23.0128,43870292.84
20020520,0,22.7508,22.7577,22.0614,22.5095,27978205.18
20020521,0,22.6819,22.8887,21.9993,22.1648,27346808.08
20020522,0,22.0614,22.1924,21.7167,21.9787,26255171.79
20020523,0,22.1303,22.6888,21.9373,22.675,25155685.18
20020524,0,22.7163,22.7508,22.3854,22.3992,19257097.86
20020528,0,22.5785,22.6405,21.9166,22.1234,19717196.97
20020529,0,21.958,22.2613,21.5857,21.6271,23059575.57
20020530,0,21.303,21.6477,20.6826,21.503,28863732.42
20020531,0,21.5099,21.8408,21.3513,21.4961,23629763.95
20020603,0,21.4685,21.4754,20.5998,20.7584,39812957.6
20020604,0,20.6826,20.9652,20.5378,20.717,44332129
20020605,0,20.8549,20.9997,20.5171,20.7998,32772393.61
20020606,0,20.8894,20.8894,20.069,20.1586,29529951.13
20020607,0,19.5795,20.8549,19.5795,20.7032,43526388.34
20020610,0,20.786,20.9652,20.5102,20.6826,27524497.68
20020611,0,20.7515,20.9928,20.2344,20.2965,30391979.17
20020612,0,20.2689,20.9652,20.2,20.9239,38128795.5
20020613,0,20.6826,20.9928,20.4826,20.524,28305008.35
20020614,0,20.3378,20.5447,19.9104,20.5102,48489987.6
20020617,0,20.6826,21.1307,20.5723,21.0135,29015746.91
20020618,0,20.9583,21.6477,20.8204,21.4202,29584639.59
20020619,0,21.1652,21.6202,20.9583,20.9583,27449213.36
20020620,0,20.8549,21.0548,20.4068,20.4895,27412369.08
20020621,0,20.0966,20.4757,19.8208,19.9518,50532318.9
20020624,0,19.6829,20.6826,19.3727,20.4482,51365306.8
20020625,0,20.6481,20.8135,19.7863,19.9725,38528843.94
20020626,0,19.0778,20.7497,19.0223,20.4722,61694665.02
20020627,0,20.6041,20.8122,19.9381,20.6804,44806170.46
20020628,0,20.7428,20.9856,20.1323,20.2364,37571323.82
20020701,0,20.1601,20.4931,19.5981,19.5981,35013739.29
20020702,0,19.5288,19.7785,18.9946,19.501,42624086.2
20020703,0,18.9044,19.39,18.6616,19.3206,42337094.5
20020705,0,19.945,20.6387,19.7716,20.6318,26313778.154
20020708,0,20.6041,20.7567,20.1739,20.4237,28137516.01
20020709,0,20.3959,20.6249,19.5704,19.6398,30809706.7
20020710,0,19.7022,19.945,18.8489,18.8975,44772590.81
20020711,0,18.5922,19.3206,18.3147,18.9391,66344751
20020712,0,19.4941,20.7636,18.835,19.7646,62298711
20020715,0,19.7577,19.7854,17.5169,19.5634,50651453.8
20020716,0,18.953,19.5288,18.953,19.0917,45692246
20020717,0,19.7022,19.7646,19.0431,19.4941,46437630.8
20020718,0,19.4594,19.8687,19.0778,19.168,36612606
20020719,0,18.8003,19.064,18.2107,18.2523,47129960.9
20020722,0,18.3841,18.6546,17.5794,17.8013,61676207
20020723,0,18.0233,18.1413,16.9758,17.1007,66792399.8
20020724,0,16.7816,18.5575,15.9699,18.4049,78690825.7
20020725,0,18.4535,18.8697,17.9332,18.4465,54220666.6
20020726,0,18.7656,19.3206,18.3841,19.2721,46790207.31
20020729,0,20.0491,21.0897,20.0074,21.048,61439795.6
20020730,0,20.8122,22.0332,20.5624,21.9915,60191062.5
20020731,0,21.9222,22.3037,20.9787,22.2621,58410857.4
20020801,0,22.269,22.4008,21.6793,21.7348,44160398.1
20020802,0,21.4019,21.6724,20.1809,20.4931,51910277.33
20020805,0,20.3612,20.5971,19.612,19.6328,37147541
20020806,0,20.2919,21.2284,20.2572,20.611,48445152.2
20020807,0,21.1382,21.4088,20.5,21.3672,39331775
20020808,0,21.3672,22.3384,21.2354,22.1997,43558588.31
20020809,0,21.8528,22.5812,21.6724,22.5049,37159355.3
20020812,0,22.0332,22.4771,21.8181,22.3592,28070927.14
20020813,0,22.0609,22.3592,21.3741,21.3949,35070098.86
20020814,0,21.3325,22.3037,20.6734,22.2274,50130084.5
20020815,0,22.1303,22.4841,21.6308,22.4078,38113026.89
20020816,0,22.1997,22.4078,21.6447,21.8458,28490824.43
20020819,0,21.8875,22.8032,21.8528,22.7824,32464070.44
20020820,0,22.6506,22.713,22.1303,22.3384,27588039.55
20020821,0,22.6506,22.8171,22.1025,22.4078,29169755.66
20020822,0,22.4771,22.8795,22.2898,22.6922,27569143.55
20020823,0,22.3731,22.4841,21.5406,22.2898,22084383.7
20020826,0,22.4425,22.4771,21.7071,22.2482,24936028.25
20020827,0,22.5465,22.72,21.9777,22.1303,27032205.38
20020828,0,21.9222,22.0609,21.5129,21.7071,23475105.18
20020829,0,21.159,21.277,20.8469,21.055,33837938.52
20020830,0,20.9509,21.2839,20.7844,20.9093,25207604.78
20020903,0,20.4653,20.4792,19.7299,19.7369,38664966.51
20020904,0,19.8409,20.1115,19.6189,19.945,34195988
20020905,0,19.6328,20.0074,19.3206,19.4178,34841480.9
20020906,0,20.0144,20.0491,19.5981,19.6536,23556113.35
20020909,0,19.5288,20.2086,19.3831,19.945,22069385.09
20020910,0,20.2572,20.5347,19.8548,20.167,27664721.42
20020911,0,20.3682,20.6041,20.0491,20.1392,19536308.076
20020912,0,19.945,19.9936,19.3206,19.4108,26942978.65
20020913,0,19.1819,19.2513,18.6963,18.7379,48473983.26
20020916,0,18.8003,19.4108,18.7587,19.3414,23413699.21
20020917,0,20.0768,20.0768,19.0848,19.2166,33792385.02
20020918,0,18.8697,19.3553,18.6616,18.9738,34886316.7
20020919,0,18.5575,18.9044,18.4188,18.4257,30451362.15
20020920,0,18.4257,18.6616,18.0025,18.5298,49657310.64
20020923,0,18.28,18.5367,17.9887,18.3286,29539050.93
20020924,0,17.7944,18.3147,17.725,18.0025,40011286.5
20020925,0,18.8621,18.9878,18.2473,18.876,44344756.36
20020926,0,19.2113,19.5746,18.0237,18.387,75548830
20020927,0,17.6395,17.6744,16.6894,17.1226,74446046.0800001
20020930,0,16.7663,17.3601,16.424,17.0317,63699893.5999999
20021001,0,17.2902,18.2682,17.1854,18.1984,52575278.37
20021002,0,17.9888,18.1425,16.899,17.2902,39886232.82
20021003,0,17.3601,18.0796,17.1645,17.1994,39528221.4
20021004,0,17.6395,17.6744,16.7663,16.8082,39952355.3
20021007,0,16.7802,17.0876,15.9559,16.0537,51369867.08
20021008,0,16.2423,16.6964,15.7184,16.3122,57407127.5
20021009,0,15.7533,15.7603,15.2992,15.39,65481187.8
20021010,0,15.1246,15.7882,14.9499,15.7603,76335356
20021011,0,16.7523,17.402,16.3751,16.906,75031020
20021014,0,16.906,17.2902,16.6964,17.0457,34044357.48
20021015,0,17.8142,18.3521,17.6744,18.2682,58279439.5
20021016,0,18.0587,18.2054,17.5976,17.8631,37509309.48
20021017,0,18.7922,18.8271,18.394,18.7922,34295579.33
20021018,0,18.5826,18.7852,18.2193,18.5686,28092266.98
20021021,0,18.3032,19.0088,18.3032,18.9319,29353941.2
20021022,0,18.869,18.89,18.5128,18.8621,27888140.32
20021023,0,18.8271,18.8621,18.2333,18.7573,34931134.81
20021024,0,18.9319,19.0018,17.9189,18.1425,43671546.07
20021025,0,18.0237,18.4778,18.0028,18.3241,31940705.34
20021028,0,18.7573,18.7922,18.1914,18.373,30531021.98
20021029,0,18.3032,18.3451,17.6046,18.0796,30465312.16
20021030,0,17.9189,18.0237,17.3391,17.5697,44911175.04
20021031,0,17.6046,17.9189,17.4928,17.6675,31005538.59
20021101,0,17.6605,18.1635,17.4299,18.1285,29867967.33
20021104,0,18.5128,18.8551,18.3102,18.4848,33527318.4
20021105,0,18.4429,18.5826,18.1774,18.4848,24656792.12
20021106,0,18.7922,18.8481,18.1285,18.5896,36778848.04
20021107,0,18.5896,18.5896,17.9888,18.2543,30111313.66
20021108,0,18.0587,18.1635,17.2064,17.5557,42059020.9
20021111,0,17.2902,17.4299,16.7942,16.885,35022031.5
20021112,0,16.9758,17.1505,16.5916,16.6545,41666529.82
20021113,0,16.6964,16.9758,16.389,16.8152,36998710.47
20021114,0,17.1854,17.388,17.0178,17.1365,34097027.65
20021115,0,16.417,16.7802,16.3471,16.6964,46794386.2
20021118,0,16.7802,17.1994,16.5357,16.5637,34980945.37
20021119,0,16.2773,16.7663,16.2074,16.6685,40630144.8
20021120,0,16.6265,17.2553,16.5986,17.2483,43746416.58
20021121,0,17.3251,18.7852,17.3251,18.7223,86870133.7
20021122,0,18.5826,18.6874,18.401,18.415,37047667.7
20021125,0,18.3032,18.8201,18.2822,18.7363,34355978.1
20021126,0,18.5128,18.7153,18.3032,18.408,29850504.61
20021127,0,18.6175,19.1415,18.5756,18.9319,32317318.8
20021129,0,19.0716,19.1345,18.869,18.9459,16918542.181
20021202,0,19.5467,19.5467,18.8062,19.0018,29182451.93
20021203,0,18.9948,18.9948,18.5407,18.7223,26321134.84
20021204,0,18.5128,19.0018,18.4639,18.5826,32252892.93
20021205,0,18.6874,18.7992,17.9678,18.0517,24466841.17
20021206,0,17.6395,18.2333,17.6116,18.1984,23653489.62
20021209,0,17.9189,18.2892,17.7862,17.8281,21551415.57
20021210,0,17.9678,18.1635,17.7792,18.1215,22263559.65
20021211,0,17.9888,18.6664,17.7862,18.2054,27278917.2
20021212,0,18.2333,18.3591,17.905,18.0587,20488851.73
20021213,0,18.1006,18.1006,17.6395,17.7513,23914438.86
20021216,0,17.9189,18.4429,17.905,18.408,25876673.23
20021217,0,18.4639,18.4639,18.0168,18.1774,25400283.96
20021218,0,18.0936,18.1565,17.7932,17.9818,23674106.13
20021219,0,17.7792,18.0587,17.1086,17.7094,25869368.1
20021220,0,18.0587,18.1635,17.8491,18.1006,41019083.3
20021223,0,17.9189,18.1635,17.7932,17.9539,24650209.24
20021224,0,17.7443,17.905,17.6605,17.7094,10618463.804
20021226,0,17.8631,18.1495,17.6046,17.6465,19943328.58
20021227,0,17.7378,17.8082,17.2592,17.3999,24387657.7
20021230,0,17.2662,17.949,17.0339,17.2803,29167023.2
20021231,0,17.1395,17.3084,16.9635,17.1676,26868903.3
20030102,0,17.3507,17.956,17.224,17.9138,27093089.27
20030103,0,17.8434,17.9349,17.6041,17.9138,19498191.41
20030106,0,17.8786,18.4417,17.8434,18.3361,25199586.1
20030107,0,18.2939,18.4839,18.1249,18.2024,26119346.8
20030108,0,18.1953,18.2657,17.7871,17.949,24588261.72
20030109,0,18.1249,18.2657,18.0334,18.1883,24570073.52
20030110,0,17.9841,18.2868,17.949,18.0827,24137905.78
20030113,0,18.1249,18.2868,17.956,18.0545,22807989.87
20030114,0,18.0897,18.1883,17.8926,18.0968,22471705.5
20030115,0,18.2516,18.2587,17.1043,17.7519,26784800.95
20030116,0,17.949,18.2305,17.421,17.6041,32167685
20030117,0,17.5759,17.9912,17.1043,17.5125,31145355
20030121,0,17.5196,17.6181,16.8439,16.9354,28379808.15
20030122,0,16.9283,16.9424,16.506,16.5764,33138426.02
20030123,0,16.6468,17.055,16.6257,16.9002,28719918.97
20030124,0,16.7524,16.8579,16.1963,16.2878,31374211
20030127,0,16.2244,16.7242,16.0062,16.1541,35729628.58
20030128,0,16.6116,16.6116,16.1752,16.2737,29193587.49
20030129,0,16.0485,16.3511,15.8444,16.2174,33808577.1
20030130,0,16.2174,16.2948,15.8514,15.8936,28865265.46
20030131,0,15.8373,16.3652,15.7669,16.316,32557088.82
20030203,0,16.4356,16.7172,16.3652,16.6257,25952695.67
20030204,0,16.2948,16.3511,16.0907,16.1893,32029860.37
20030205,0,16.33,16.6257,16.0837,16.1822,26846172.24
20030206,0,16.1189,16.2385,15.9077,16.1118,26077720.23
20030207,0,16.1893,16.2596,15.7669,15.964,28679581.71
20030210,0,15.9147,15.9781,15.6402,15.9288,31055271
20030211,0,15.9429,16.0626,15.7388,15.8584,28457099.61
20030212,0,15.8373,15.964,15.6613,15.6825,24576037.99
20030213,0,15.6825,15.6965,14.9927,15.591,30637156.39
20030214,0,15.5417,15.8092,15.3587,15.7951,34390781.64
20030218,0,15.8655,16.2315,15.8655,16.1048,27356200.09
20030219,0,16.1329,16.4145,15.9851,16.4004,24547343.06
20030220,0,16.4004,16.5342,16.2878,16.4004,30289089.73
20030221,0,16.506,16.9002,16.2808,16.7946,32999782.14
20030224,0,16.8579,17.0339,16.4849,16.506,31717736.12
20030225,0,16.2948,16.9283,16.1189,16.8509,31789908.08
20030226,0,16.9216,17.0068,16.5598,16.6023,24396690.49
20030227,0,16.652,17.0919,16.5527,16.9216,31448398.08
20030228,0,16.9571,17.1699,16.8436,17.028,27540301.4
20030303,0,17.1699,17.3828,16.8861,16.9358,27896187.67
20030304,0,16.8365,16.8861,16.4959,16.5882,21928758.91
20030305,0,16.4959,16.9358,16.4888,16.9145,25760464.45
20030306,0,16.7442,17.0706,16.6733,16.9855,27268280.26
20030307,0,16.6733,17.3118,16.6023,17.2196,37683047.59
20030310,0,16.9571,17.0848,16.7442,16.801,25342004.8
20030311,0,16.7939,17.0068,16.5669,16.5811,26557779.51
20030312,0,16.4746,16.872,16.4321,16.8578,28119301.92
20030313,0,17.177,17.9007,17.1699,17.8794,49062435.8
20030314,0,17.9149,18.2129,17.6666,18.1349,38264439
20030317,0,17.7375,18.7309,17.5602,18.6315,45715734.7
20030318,0,18.6599,18.7663,18.3903,18.7096,29675742.12
20030319,0,18.7238,19.1707,18.5322,19.114,31714919.49
20030320,0,19.0572,19.1211,18.7521,19.0572,31211898.87
20030321,0,19.3268,19.859,19.2204,19.8377,51000139.2
20030324,0,19.0501,19.8306,18.8089,18.9792,35702925.65
20030325,0,18.965,19.2843,18.7309,19.1211,27916484.17
20030326,0,19.1424,19.2133,18.816,18.9153,25063639.5
20030327,0,18.4825,18.8231,18.4045,18.7592,27738897.67
20030328,0,18.6244,18.7521,18.4683,18.5464,19099029.18
20030331,0,18.0568,18.8018,17.9362,18.0923,26047986.17
20030401,0,18.1278,18.6741,18.0923,18.5819,27038536.15
20030402,0,19.1211,19.3481,18.9579,19.1566,34350571.26
20030403,0,19.3552,19.7951,18.8728,19.5113,37047401.07
20030404,0,19.561,19.7171,19.3907,19.6106,22199652.26
20030407,0,20.1073,20.3556,19.6887,19.6887,35214277
20030408,0,19.8306,20.0434,19.6887,19.9512,23374852.2
20030409,0,19.7809,19.9015,19.263,19.2985,32882079.6
20030410,0,19.3623,19.4333,19.0856,19.412,21233476
20030411,0,19.639,19.8164,19.4049,19.4333,23781747
20030414,0,19.4333,19.7242,19.3126,19.6887,20639691.08
20030415,0,19.7951,20.0434,19.6816,20.0434,25820927.02
20030416,0,20.0789,20.2421,19.7171,19.7596,21962448.04
20030417,0,19.7525,20.2208,19.71,20.2066,20841943.35
20030421,0,20.1995,20.2421,19.49,19.9867,16689596.24
20030422,0,19.937,20.5685,19.9015,20.5614,26747775.19
20030423,0,20.5685,20.9303,20.4549,20.8381,26385404.55
20030424,0,20.5756,20.7813,20.3769,20.6181,23029955.83
20030425,0,20.6252,20.7175,20.4266,20.6536,26034601.4
20030428,0,20.3982,21.129,20.3982,20.9374,25751301.9
20030429,0,21.058,21.0864,20.6749,20.8452,26732552.56
20030430,0,20.7742,21.0013,20.6252,20.8097,24481394.29
20030501,0,20.8948,20.8948,19.5113,20.6678,26398096.94
20030502,0,20.4337,20.76,20.3982,20.6323,26794708.34
20030505,0,20.6039,20.7175,20.3698,20.4904,22009803.92
20030506,0,20.4266,20.8168,20.3627,20.6607,23232631.64
20030507,0,20.7316,20.7316,20.384,20.4762,24435449.92
20030508,0,20.3627,20.5472,20.1428,20.2066,19924537.98
20030509,0,20.2918,20.6394,19.9228,20.5259,19903957.72
20030512,0,20.4904,20.6252,20.3982,20.5543,19076619.69
20030513,0,20.3982,20.5897,20.0931,20.2066,24521565.21
20030514,0,20.4904,20.4904,20.1499,20.2918,21063654.42
20030515,0,20.3627,20.5259,20.0931,20.2137,21486765.11
20030516,0,20.1499,20.235,19.8661,19.8802,27201186.17
20030519,0,19.6177,19.7029,19.4262,19.5397,23915648.53
20030520,0,19.6816,19.859,19.4049,19.6816,22598948.6
20030521,0,19.4616,19.6887,19.4404,19.5823,21355822.55
20030522,0,19.6532,19.788,19.5539,19.6958,21455472.94
20030523,0,19.6745,19.8093,19.5823,19.6106,16110456.88
20030527,0,19.5113,20.235,19.4545,20.1782,28443195.03
20030528,0,20.2563,20.2705,19.9583,20.0505,21718896.15
20030529,0,20.0576,20.5401,19.7454,20.008,22817690.93
20030530,0,20.1499,20.4195,20.0505,20.3556,24128894.79
20030602,0,20.8735,20.8735,20.4478,20.5756,27109301.94
20030603,0,20.5756,20.6678,20.3982,20.6181,18920876.79
20030604,0,20.6323,20.909,20.5543,20.8168,22255608.22
20030605,0,20.8097,21.1786,20.5756,21.0793,25614158.67
20030606,0,21.4341,21.654,21.1857,21.4908,38216946.67
20030609,0,21.3205,21.5263,21.3134,21.3773,22042646.13
20030610,0,21.4979,21.7179,21.4199,21.6256,19914394.91
20030611,0,21.7037,22.0797,21.5476,21.9946,20938210.17
20030612,0,22.0584,22.1365,21.7533,22.0513,22181902.43
20030613,0,21.9946,22.0513,21.4057,21.6966,21174994.4
20030616,0,21.8881,22.2429,21.8314,22.2216,24154130.1
20030617,0,22.2926,22.4699,21.5547,22.1719,25489290.28
20030618,0,22.0726,22.2216,21.7817,21.8101,24313534.66
20030619,0,21.4695,21.5476,21.0084,21.1786,45121506.94
20030620,0,21.427,21.505,21.1503,21.2992,40869608.06
20030623,0,21.2567,21.4766,21.1006,21.2212,20385006.68
20030624,0,21.1928,21.3418,21.1503,21.2425,18358087.22
20030625,0,21.1715,21.3347,20.7175,20.7955,23030237.91
20030626,0,20.7458,21.0885,20.6743,20.8529,20900816.91
20030627,0,20.8529,21.3956,20.3744,20.4244,21703740.73
20030630,0,20.5101,20.7029,20.3887,20.5101,17522345.52
20030701,0,20.3387,20.5672,20.053,20.4315,26666776.74
20030702,0,20.5815,20.6243,20.2958,20.4387,26319084.7
20030703,0,20.4387,20.5672,20.2887,20.3958,16485851.932
20030707,0,20.6601,21.0671,20.6172,20.9171,22767962.62
20030708,0,20.9029,20.9029,20.4173,20.6029,29305753.73
20030709,0,20.6029,20.6672,20.2459,20.2816,31672099.73
20030710,0,20.2673,20.4744,19.9959,20.1316,26648994
20030711,0,20.2459,20.6029,19.9888,20.0887,35892865
20030714,0,20.353,20.5244,20.003,20.0459,30454695.82
20030715,0,20.1673,20.2316,19.6531,19.7531,32301949.3
20030716,0,19.7959,19.8459,19.3389,19.5746,27609308.27
20030717,0,19.3889,19.6888,19.2104,19.4103,27677084.55
20030718,0,19.696,19.8959,19.4246,19.8102,25713041.01
20030721,0,19.8317,19.8888,19.2961,19.4246,21028944.21
20030722,0,19.4246,19.6103,19.2603,19.5246,23265338.15
20030723,0,19.5674,19.596,19.2818,19.5674,19964303.31
20030724,0,19.746,19.9816,19.546,19.6103,25177854.53
20030725,0,19.7674,20.3458,19.696,20.3101,30491938.9
20030728,0,20.3887,20.5672,20.1459,20.2601,24749777.4
20030729,0,20.2673,20.2816,19.8531,19.9174,23511650.02
20030730,0,20.103,20.1387,19.7531,19.9888,17433564.66
20030731,0,20.2459,20.6958,20.0245,20.3173,34483034.44
20030801,0,20.1387,20.4815,20.1387,20.3101,21934226.391
20030804,0,20.3244,20.4244,19.8531,20.3316,20219718.96
20030805,0,20.1816,20.3387,19.8459,19.8816,20477790.18
20030806,0,19.8531,20.1602,19.6603,19.7674,22634512.19
20030807,0,19.7817,20.0816,19.4103,20.0388,16779214.11
20030808,0,19.9531,20.1673,19.9245,20.0245,14210526.68
20030811,0,20.0316,20.3244,19.9959,20.203,14784785.29
20030812,0,20.2244,20.3316,19.9816,20.2244,18017345.6
20030813,0,20.3101,20.3387,19.8888,20.003,19783949.883
20030814,0,20.1387,20.8529,20.0173,20.3887,24065462.44
20030815,0,20.4958,20.6958,20.4315,20.5744,18677439.88
20030818,0,20.71,21.3171,20.1387,21.2814,35072415.15
20030819,0,21.3528,21.4242,20.9457,21.3028,28771967.87
20030820,0,21.3099,21.3099,20.8886,21.0457,21856934.62
20030821,0,21.2099,21.6241,21.1528,21.5599,31002343.63
20030822,0,21.6384,21.7027,21.2457,21.2814,22808425.25
20030825,0,21.2671,21.3171,21.0814,21.2885,14287962.43
20030826,0,21.1742,21.3885,20.9814,21.3456,18749977.351
20030827,0,21.16,21.2885,21.1028,21.2671,14788144.8
20030828,0,21.2814,21.3528,20.9957,21.2314,17588858.42
20030829,0,21.1242,21.2099,20.4173,21.11,15223915.57
20030902,0,21.2457,21.7741,21.1242,21.7384,31867727.59
20030903,0,21.817,22.324,21.7884,22.224,43839190.12
20030904,0,22.2169,22.3883,22.1455,22.3526,23909472.67
20030905,0,22.0955,22.2883,22.0098,22.1526,24455866.42
20030908,0,22.1598,22.5097,21.8527,22.424,20402314.64
20030909,0,22.1812,22.3311,22.0669,22.2383,21173029.09
20030910,0,22.174,22.3097,22.0669,22.1526,21126958.75
20030911,0,22.174,22.6025,22.1383,22.4597,24627541.11
20030912,0,22.4454,22.5668,22.2097,22.5168,21810863.61
20030915,0,22.4954,22.6739,22.3169,22.4168,17978140.39
20030916,0,22.3026,22.8739,22.3026,22.8025,25383411.64
20030917,0,22.6954,22.8096,22.4811,22.6382,23518649.96
20030918,0,22.6882,22.981,22.6311,22.9524,26459673.8
20030919,0,23.1524,23.1524,22.5097,22.7596,27415644.9
20030922,0,22.5668,22.7811,22.2812,22.4311,22024408.7
20030923,0,22.3526,22.5668,22.2669,22.5025,16193473.02
20030924,0,22.5668,22.6311,22.0241,22.0241,24584967.35
20030925,0,22.1535,22.7068,21.8014,21.823,25003095.4
20030926,0,21.6434,21.7799,21.0613,21.4996,28780874.77
20030929,0,21.5571,22.0314,21.4853,21.8302,26073278.82
20030930,0,21.7368,21.7655,21.2553,21.4206,30746020.57
20031001,0,21.4206,22.0386,21.4134,21.9667,23626332.73
20031002,0,21.9452,22.2038,21.8661,22.0961,21927127.82
20031003,0,22.3835,22.4913,22.0961,22.1895,27610904.79
20031006,0,22.2757,22.9871,22.0817,22.1464,17647243.93
20031007,0,21.9739,22.1392,21.9236,22.1104,24784604.03
20031008,0,21.9523,22.0242,21.6505,21.7368,26841606.43
20031009,0,21.938,21.9523,21.5571,21.6434,34336505
20031010,0,21.3056,21.5931,20.9823,21.0757,46085681
20031013,0,21.2122,21.5356,20.5871,20.7883,39521767.8
20031014,0,20.7667,21.0469,20.5942,21.0254,28142106.45
20031015,0,21.1332,21.1619,20.6517,20.7308,31239085.74
20031016,0,20.7164,20.9392,20.6374,20.8529,21589930.34
20031017,0,20.8529,20.8817,20.4218,20.5368,27221113.57
20031020,0,20.6589,20.6805,20.4865,20.6589,20682712.35
20031021,0,20.8386,20.8386,20.6086,20.7308,20445583.36
20031022,0,20.6805,20.6805,20.3356,20.4218,26072442.77
20031023,0,20.3715,20.6445,20.2996,20.393,22373850.04
20031024,0,20.4002,20.4074,20.0697,20.3284,22735403.01
20031027,0,20.4793,20.5152,20.2134,20.2853,20504997.091
20031028,0,20.4649,20.508,20.3212,20.5008,25078525.85
20031029,0,20.4936,20.9463,20.3859,20.7164,26691307.99
20031030,0,20.9463,21.0182,20.6877,20.7667,26988982.59
20031031,0,20.8026,21.0182,20.8026,20.8242,20359297.03
20031103,0,20.8745,21.0254,20.6948,20.7523,23038089.88
20031104,0,20.702,20.702,20.12,20.5583,24299587.77
20031105,0,20.4146,20.5368,20.2493,20.4074,21546644.55
20031106,0,20.3356,20.4218,20.12,20.4002,20329514.75
20031107,0,20.508,20.5511,20.1631,20.2062,23150254.12
20031110,0,20.2853,20.2924,20.1272,20.2278,18371039.31
20031111,0,20.2278,20.2565,20.0984,20.199,20391442.59
20031112,0,20.2062,21.0613,20.1847,20.6517,31395231.83
20031113,0,20.5511,20.6445,20.2278,20.3499,32841289.19
20031114,0,20.2996,20.3212,20.0122,20.0409,35848653.64
20031117,0,19.8829,20.7308,19.6601,19.9835,31058168.62
20031118,0,20.4218,20.7811,20.4074,20.4362,53976570.22
20031119,0,20.8386,21.2194,20.8026,21.1835,56535960.25
20031120,0,20.9248,21.1691,20.6877,20.8098,32267513.28
20031121,0,20.896,20.9463,20.5008,20.508,32010201.87
20031124,0,20.702,20.7954,20.5655,20.6374,23351761.95
20031125,0,20.6733,20.9104,20.5655,20.7523,20912058.45
20031126,0,20.9176,20.932,20.5008,20.6661,19246947.93
20031128,0,20.7308,20.7667,20.508,20.6014,11582989.45
20031201,0,20.9823,20.9895,20.6805,20.8386,25161881.74
20031202,0,20.8601,21.1691,20.8026,21.1404,30980243.75
20031203,0,21.2625,21.3416,21.0613,21.1619,31818011.77
20031204,0,21.126,21.2338,20.8745,20.9823,24621508.66
20031205,0,20.9535,21.126,20.8457,20.8889,18239811.56
20031208,0,20.9463,21.1332,20.9463,21.1044,19156074.18
20031209,0,21.1978,21.4206,21.126,21.2266,31447557.75
20031210,0,21.3056,21.3487,21.205,21.3344,29664152.96
20031211,0,21.3703,21.8949,21.3703,21.8302,36643687.3
20031212,0,21.7583,21.8805,21.514,21.6362,25012423.42
20031215,0,21.9811,21.9883,21.6362,21.7871,31621785.83
20031216,0,21.8589,22.132,21.708,22.017,31565842.09
20031217,0,22.0242,22.0745,21.8589,22.0386,25146298.89
20031218,0,22.1823,22.211,22.0817,22.1535,29194611.91
20031219,0,22.1967,22.2757,21.9236,22.1104,27237811.87
20031222,0,22.132,22.2757,22.0817,22.2757,19698676.3
20031223,0,22.2398,22.4841,22.1679,22.3404,20015277.89
20031224,0,22.3116,22.3188,22.0889,22.1967,8029547.53
20031226,0,22.1967,22.2541,22.0601,22.0961,7002648.885
20031229,0,22.2047,22.277,22.0528,22.2625,17053569.18
20031230,0,22.2987,22.3204,22.0456,22.2119,17628175.25
20031231,0,22.1541,22.4,22.089,22.3566,17341703.39
20040102,0,22.4217,22.8412,22.3638,22.4868,21552933.92
20040105,0,22.5953,22.805,22.5012,22.7905,23651431.61
20040106,0,22.7254,22.805,22.5591,22.6748,21056034.42
20040107,0,22.6748,22.9135,22.5374,22.9063,22793398.84
20040108,0,23.0437,23.3113,22.9063,23.2968,33482898.07
20040109,0,22.8918,23.2824,22.8918,23.0365,29561734.65
20040112,0,23.1088,23.2173,23.0871,23.2028,23166145.55
20040113,0,23.1522,23.239,22.6748,22.8267,25211274.31
20040114,0,22.9931,23.1739,22.805,23.1377,20531617.9
20040115,0,23.1956,23.2534,22.8918,23.1449,24733313
20040116,0,23.4343,24.2082,23.3113,24.1214,55803253
20040120,0,24.4107,24.4107,23.9912,24.1575,30791959.86
20040121,0,24.2082,24.6204,23.8899,24.4902,27826169.6
20040122,0,24.577,24.6277,24.1431,24.2371,23354593.79
20040123,0,24.3384,24.5119,23.9261,24.0273,19878620.76
20040126,0,24.2154,24.7362,24.1575,24.7,26841767.94
20040127,0,24.7723,24.9242,24.6132,24.7217,26204660.8
20040128,0,24.8085,25.0038,24.2371,24.4107,32214930.79
20040129,0,24.5915,24.7,24.3456,24.5987,26466670.07
20040130,0,24.4902,24.5698,24.2154,24.3456,20833018.83
20040202,0,24.3673,24.5626,24.0997,24.3094,23392196.78
20040203,0,24.3456,24.3456,23.955,24.0418,21108018.07
20040204,0,23.9116,24.5843,23.7959,24.0129,25631168.28
20040205,0,24.0924,24.3745,23.9044,24.2082,17057303.73
20040206,0,24.0635,24.1937,23.8538,24.0129,23821768.21
20040209,0,24.1214,24.1214,23.7236,23.7453,19258799.6
20040210,0,23.9912,23.9912,23.4343,23.5066,28850253.87
20040211,0,23.5066,24.1069,23.3981,23.9116,29958816.82
20040212,0,23.9767,24.049,23.6874,23.8031,18831859.15
20040213,0,23.8682,23.9912,23.6295,23.6946,19675502
20040217,0,23.9261,24.0056,23.8176,23.9116,17252500
20040218,0,23.9044,24.0418,23.6874,23.7019,18555480.85
20040219,0,23.8682,23.9406,23.5861,23.5934,21170786.58
20040220,0,23.7163,23.7887,23.4487,23.6946,20423223.64
20040223,0,23.6874,24.2154,23.6585,24.1792,25344967.95
20040224,0,24.1648,24.3456,23.9044,24.0997,26128481.37
20040225,0,24.0852,24.0924,23.7959,23.861,21656908.77
20040226,0,23.8101,23.9338,23.7301,23.8611,20024904.26
20040227,0,23.832,23.9775,23.6792,23.6792,18986423.1
20040301,0,23.7883,23.963,23.6573,23.8756,19231168.02
20040302,0,23.963,23.9775,23.5918,23.65,23504665.86
20040303,0,23.6209,23.9193,23.5846,23.8756,18794304.18
20040304,0,23.7956,23.9775,23.7738,23.9266,19052518.652
20040305,0,23.7592,24.3632,23.6864,23.8611,24037717.69
20040308,0,23.65,23.65,23.1188,23.1334,32283914
20040309,0,22.9878,23.0679,22.7841,22.9878,75486156.69
20040310,0,23.0242,23.0388,22.4857,22.6458,53422470.3
20040311,0,22.5003,22.6677,22.02,22.1001,54084018.13
20040312,0,22.2893,22.3911,22.1656,22.2747,35923765.872
20040315,0,22.4494,22.5148,21.9254,22.0346,44557208.2
20040316,0,22.3038,22.3329,21.9036,22.1947,32318946.84
20040317,0,22.2674,22.4494,22.2019,22.3911,30909713.11
20040318,0,22.2893,22.3984,22.0491,22.3184,34945742.98
20040319,0,22.282,22.3475,21.9109,21.9254,36165899.78
20040322,0,21.7872,21.8308,21.1177,21.4088,54193802.42
20040323,0,21.678,21.7289,21.2559,21.2705,52918404.4
20040324,0,21.1395,21.2487,21.0158,21.2123,59031017.3
20040325,0,21.2559,21.6489,21.1759,21.5761,58544684.6
20040326,0,21.8454,22.4857,21.8454,21.9545,66881288.292
20040329,0,22.2529,22.4494,22.1583,22.1874,55864712.21
20040330,0,22.1583,22.3402,22.0564,22.2674,48831385.66
20040331,0,22.3256,22.3256,22.1073,22.2092,45845935.4
20040401,0,22.1364,22.5367,22.071,22.231,48201175.74
20040402,0,22.493,22.6677,22.4202,22.6094,61115412.42
20040405,0,22.544,22.9733,22.5367,22.9369,56528447.7
20040406,0,22.9078,23.1625,22.8059,22.9296,61029938.4
20040407,0,23.0388,23.0679,22.7332,22.8714,35170718
20040408,0,23.1261,23.177,22.6094,22.8569,38442975
20040412,0,22.9587,23.097,22.886,23.0097,22780321.52
20040413,0,23.0606,23.097,22.4275,22.5585,34868243.76
20040414,0,22.3038,22.3402,21.8672,22.1728,46636515.45
20040415,0,22.3402,22.3984,22.0491,22.3911,31865329.76
20040416,0,22.4712,22.8059,22.3984,22.7113,32919480.98
20040419,0,22.6895,22.6968,22.5076,22.6022,23705435.9
20040420,0,22.6677,22.704,22.1146,22.1947,26365484.96
20040421,0,22.231,22.3766,21.8599,22.362,37860014.41
20040422,0,22.1947,22.5148,21.9836,22.4494,45236471.14
20040423,0,22.5585,22.5585,22.2238,22.3475,24064660.03
20040426,0,22.4494,22.5003,22.2383,22.3693,21459164.72
20040427,0,22.5003,22.5876,22.1947,22.231,34679277.74
20040428,0,22.0855,22.1219,21.8308,21.8672,35083983.44
20040429,0,21.94,22.0928,21.8163,21.8381,29794397.39
20040430,0,21.9181,22.0346,21.6853,21.7944,28279749.86
20040503,0,21.9181,22.1001,21.8454,22.0855,20666522.07
20040504,0,22.1364,22.3475,21.9836,22.151,22273928.72
20040505,0,21.5543,22.231,21.5543,22.1801,19372298.571
20040506,0,22.0855,22.231,21.9036,22.1801,20932564.57
20040507,0,22.0637,22.3038,21.8163,21.8308,25814563.4
20040510,0,21.6489,21.8672,21.5034,21.8381,36658281.23
20040511,0,21.9181,22.0564,21.8017,21.9982,25928350.37
20040512,0,21.8308,22.1001,21.6125,22.0782,31914519.92
20040513,0,21.94,22.1801,21.8672,22.071,21959097.49
20040514,0,22.0491,22.1583,21.8017,21.9618,21807113.38
20040517,0,21.6125,21.8745,21.5907,21.8163,26198099.68
20040518,0,21.8672,22.1728,21.8235,22.1219,27800974.42
20040519,0,22.3984,22.4857,21.9472,22.0418,32297654.4
20040520,0,22.02,22.1583,21.9109,21.9909,18253829.63
20040521,0,22.0564,22.3329,22.0564,22.282,25618198.06
20040524,0,22.5148,22.5221,22.2383,22.4057,23788844.752
20040525,0,22.3402,22.7477,22.3184,22.7477,30100023.68
20040526,0,22.6895,22.8787,22.6386,22.7332,21175937.24
20040527,0,22.7768,22.9005,22.5876,22.7404,20530337.89
20040528,0,22.755,22.755,22.5367,22.624,19161494.69
20040601,0,22.5585,22.6895,22.4275,22.5585,20919926.75
20040602,0,22.6895,22.7186,22.4857,22.6313,23373017.63
20040603,0,22.6313,22.7914,22.5003,22.5658,19490066.38
20040604,0,22.704,22.8205,22.6022,22.704,21517842.9
20040607,0,22.8569,23.0606,22.8569,23.0315,26916269.834
20040608,0,22.9587,23.0679,22.7477,22.8932,23701040.6
20040609,0,22.8496,22.9806,22.6677,22.6895,21011309.68
20040610,0,22.6677,22.9224,22.6677,22.9151,19219759.67
20040614,0,22.8132,22.9806,22.2383,22.9587,18278153.48
20040615,0,23.0606,23.2425,22.9733,23.1334,30107307.67
20040616,0,23.1261,23.3735,23.0752,23.359,28830118.74
20040617,0,23.3153,23.6064,23.2789,23.5482,40453005.93
20040618,0,23.5336,23.7883,23.4463,23.6937,52851490.97
20040621,0,23.7083,23.8611,23.6282,23.6719,28714273.96
20040622,0,23.65,23.9921,23.5918,23.8902,30995040.59
20040623,0,23.912,24.3705,23.8029,24.3123,42604180.1
20040624,0,24.3195,24.3634,24.1585,24.3342,41749712.8
20040625,0,24.3049,24.3634,24.0633,24.0926,50952732.73
20040628,0,24.012,24.034,23.5069,23.646,45038021.26
20040629,0,23.6753,23.7705,23.6094,23.668,25671016.77
20040630,0,23.7192,23.7851,23.485,23.6899,31323447.25
20040701,0,23.7192,23.7558,23.3312,23.4337,37034607.83
20040702,0,23.3898,23.3971,23.1482,23.1994,25572121.67
20040706,0,23.1336,23.3459,23.0091,23.3166,21439481.98
20040707,0,23.2287,23.5728,23.2068,23.4557,25286494.91
20040708,0,23.3312,23.4264,23.1921,23.2287,26023705
20040709,0,23.463,23.6094,23.3678,23.5582,31470988
20040712,0,23.5874,23.9022,23.4337,23.8876,24768924.68
20040713,0,23.9608,24.0779,23.8583,24.012,25843400.55
20040714,0,24.012,24.3342,23.9608,24.2463,39531077.22
20040715,0,24.239,24.5465,24.1585,24.422,40568550.23
20040716,0,24.6123,24.6123,24.1951,24.217,32465811.5
20040719,0,24.3781,24.422,24.0999,24.3268,26424219.35
20040720,0,24.2536,24.3415,24.1145,24.2976,21597506
20040721,0,24.4,24.4879,23.9242,23.9388,26349088
20040722,0,23.829,24.1951,23.7192,24.0487,22726372.03
20040723,0,24.034,24.034,23.5142,23.829,18192954.71
20040726,0,23.9169,23.9754,23.441,23.6387,26220008.68
20040727,0,23.7924,24.0853,23.7558,24.0413,22090098.54
20040728,0,24.3781,24.4952,23.6826,24.3781,28802526.94
20040729,0,24.4147,24.4879,24.1365,24.3049,21536189.56
20040730,0,24.2097,24.3415,24.0706,24.3122,15749623.44
20040802,0,23.9022,24.4147,23.9022,24.3195,17168603.66
20040803,0,24.3049,24.3049,23.9754,24.0926,19859861.35
20040804,0,23.9022,24.1219,23.8803,24.056,16667292.12
20040805,0,24.0487,24.1145,23.5655,23.5948,24415129.22
20040806,0,23.28,23.3971,23.0018,23.1409,30214405.38
20040809,0,23.0823,23.463,23.053,23.3019,20447510.53
20040810,0,23.3532,23.4923,23.2434,23.485,17828785.657
20040811,0,23.3532,23.6021,23.2434,23.5728,17069432.74
20040812,0,23.4117,23.4483,23.1409,23.1409,18885777.02
20040813,0,23.2068,23.3825,23.0604,23.3166,20732860.45
20040816,0,23.3312,23.6387,23.2946,23.6167,17294413.35
20040817,0,23.6533,23.7558,23.463,23.5362,17747099.48
20040818,0,23.4996,23.9974,23.4337,23.9754,23057212.297
20040819,0,23.8876,23.9681,23.6387,23.9022,16995125.16
20040820,0,23.9096,24.012,23.7631,23.9315,20676717.73
20040823,0,23.9242,23.9681,23.7558,23.8071,17353283.579
20040824,0,23.9388,23.9754,23.7265,23.8071,17608448.64
20040825,0,23.8071,24.1511,23.7046,24.012,19973645.516
20040826,0,23.9754,24.0853,23.8949,24.0194,11398292.13
20040827,0,23.9754,24.0779,23.9022,24.012,9662813.414
20040830,0,23.8876,23.9754,23.8071,23.851,10818704.64
20040831,0,23.7851,24.0194,23.6533,23.9901,18260570.85
20040901,0,24.0047,24.1365,23.8803,24.0779,14297310.437
20040902,0,24.0853,24.2756,23.9901,24.2683,18361791.58
20040903,0,24.1585,24.2463,23.9974,24.0487,12633001.42
20040907,0,24.1951,24.5172,24.1804,24.4147,23455669.95
20040908,0,24.4074,24.6856,24.4,24.6416,31924612.06
20040909,0,24.5977,24.9125,24.5904,24.7807,30761618.53
20040910,0,24.7441,24.8979,24.5391,24.7734,20000965.16
20040913,0,24.8027,24.9271,24.6782,24.7075,19429988.12
20040914,0,24.5977,24.7588,24.5245,24.7441,15953974.81
20040915,0,24.7588,24.7588,24.5172,24.5538,13851593.09
20040916,0,24.5831,24.7148,24.5245,24.5611,11829666.7
20040917,0,24.6709,25.0662,24.6709,24.9857,31114179.27
20040920,0,24.9271,25.2346,24.9052,25.0443,25122717.22
20040921,0,25.0516,25.2785,24.9125,25.2346,19054475.27
20040922,0,25.037,25.0736,24.6782,24.832,25724699.68
20040923,0,24.8687,24.8687,24.5963,24.6552,18593727.51
20040924,0,24.6699,24.6846,24.4269,24.6036,16414792.58
20040927,0,24.3901,24.53,24.3091,24.3901,18046073.2
20040928,0,24.449,24.6478,24.2796,24.5153,19189859.51
20040929,0,24.6331,24.7288,24.5005,24.6257,17901453.88
20040930,0,24.5963,24.7509,24.5226,24.7067,21532831.4
20041001,0,24.8172,25.0307,24.7656,24.9866,19286814.3
20041004,0,25.0381,25.2296,24.9571,25.1265,20271721.81
20041005,0,25.1044,25.1265,24.8687,25.0823,16099072.76
20041006,0,25.1044,25.3253,24.9645,25.3179,18319696.1
20041007,0,25.1412,25.3179,25.0013,25.0602,17318204
20041008,0,25.0234,25.259,24.6699,24.854,23784405
20041011,0,24.8908,25.1118,24.8761,25.0381,10715153.11
20041012,0,24.8908,25.1854,24.8172,25.0381,14432488.05
20041013,0,25.2222,25.2443,24.6773,24.8246,19205748.53
20041014,0,24.8172,24.8908,24.5963,24.6404,15629502.781
20041015,0,24.6846,24.8761,24.5963,24.6994,19282199.73
20041018,0,24.5963,25.0602,24.4563,24.9424,19249198.11
20041019,0,24.9497,25.1118,24.611,24.6331,20113518.73
20041020,0,24.6552,24.6994,24.3459,24.449,20990609.02
20041021,0,24.4122,24.6699,24.3017,24.5594,21832251.16
20041022,0,24.5742,24.6331,24.1102,24.2722,21363903.4
20041025,0,24.3753,24.3753,24.044,24.2281,18473277.66
20041026,0,24.3753,24.7804,24.2281,24.7656,24078541.87
20041027,0,24.7215,25.0013,24.5594,24.9792,21422570.45
20041028,0,24.8908,25.1486,24.8172,25.0455,16640749.76
20041029,0,24.9645,25.1486,24.854,25.1265,18113258
20041101,0,25.1118,25.1412,24.8908,25.0897,15989458
20041102,0,25.0013,25.3179,24.9645,25.0676,21318007.95
20041103,0,25.3327,25.3695,25.0602,25.2738,23981182.72
20041104,0,25.3032,25.8408,25.2811,25.8261,32010763.17
20041105,0,25.9218,26.0691,25.6125,25.8924,26195278.83
20041108,0,25.8408,25.9365,25.7156,25.8629,16924558.58
20041109,0,25.7893,26.0985,25.7893,26.0765,19855923.37
20041110,0,26.128,26.2164,26.0102,26.0102,21129248.75
20041111,0,26.0838,26.4226,26.0323,26.3931,18357584.25
20041112,0,26.4888,26.6877,26.3637,26.6877,22223065.1
20041115,0,26.695,26.7098,26.4447,26.5846,17829076.47
20041116,0,26.5478,26.6877,26.4005,26.5699,15897150.13
20041117,0,26.7171,27.1001,26.5846,26.7613,23839136.49
20041118,0,26.8055,27.1443,26.7908,27.1001,20047936.17
20041119,0,27.1222,27.1222,26.4668,26.6803,24474104.73
20041122,0,26.695,26.7098,26.4594,26.5993,18723001.97
20041123,0,26.4888,26.5404,26.1059,26.3489,23669808.35
20041124,0,26.4005,26.5109,26.1206,26.2532,21226753.18
20041126,0,26.2164,26.2385,26.0838,26.0985,10321763.738
20041129,0,26.1943,26.695,25.8629,26.0249,27598157.52
20041130,0,25.9954,26.2237,25.9365,26.0544,21854115.94
20041201,0,26.0396,26.5257,26.0396,26.5036,25794013.85
20041202,0,26.4005,26.5772,26.2753,26.4668,18743642.17
20041203,0,26.3931,26.533,26.2532,26.3784,18091833.71
20041206,0,26.2532,26.3416,26.1869,26.2753,13632122.19
20041207,0,26.2164,26.2532,25.9734,26.0028,22449706.06
20041208,0,26.2532,26.4373,26.1501,26.3121,20565031.72
20041209,0,26.2016,26.5772,26.1427,26.5036,19947717.62
20041210,0,26.6214,27.1074,26.5109,27.0264,41433294.7
20041213,0,27.1369,27.6303,27.1148,27.5861,35879232.56
20041214,0,27.5346,27.7997,27.3799,27.5272,33370992.29
20041215,0,27.5346,27.6229,27.2547,27.5419,24473024.59
20041216,0,27.4683,27.6082,27.2474,27.3357,25801067.94
20041217,0,26.8055,27.3136,26.7024,27.1222,41429447.37
20041220,0,27.1884,27.947,27.1884,27.3136,21141076.88
20041221,0,27.3284,27.4241,27.2032,27.3357,19435642.05
20041222,0,27.2392,27.5874,27.1577,27.2688,21440075.37
20041223,0,27.2244,27.3726,27.1725,27.2466,13286993.05
20041227,0,27.2985,27.3651,27.1281,27.1355,12106240.77
20041228,0,27.0688,27.2985,27.0614,27.1651,15222603.34
20041229,0,27.091,27.1133,26.9503,27.054,13189123.99
20041230,0,27.1355,27.3207,27.0614,27.1651,12550894.2
20041231,0,27.1503,27.2318,26.9799,27.017,14263230.76
20050103,0,27.1948,27.3281,26.9799,27.0614,24597881.66
20050104,0,27.1133,27.2985,26.7577,26.8169,23774577.1
20050105,0,26.7799,26.9207,26.6318,26.6466,23940612.88
20050106,0,26.691,26.9799,26.6169,26.8392,24153899.55
20050107,0,26.9355,26.9429,26.5429,26.6169,17982865.26
20050110,0,26.5799,26.7725,26.454,26.5799,20060619.61
20050111,0,26.3725,26.4688,26.165,26.2243,24148772.74
20050112,0,26.2465,26.4391,26.0021,26.4095,26801711.36
20050113,0,26.3725,26.4021,26.0021,26.0762,17671846.97
20050114,0,26.1947,26.3873,26.128,26.3206,18309940.39
20050118,0,26.1354,26.654,25.9798,26.6392,23987858.27
20050119,0,26.5354,26.5947,26.2317,26.2317,15324383.38
20050120,0,26.2614,26.4466,26.1354,26.1873,21951392
20050121,0,26.5206,26.5429,26.0317,26.0465,32635019
20050124,0,26.091,26.4466,25.891,26.128,28432919.7
20050125,0,26.4095,26.5799,26.3354,26.4466,24389323.64
20050126,0,26.6243,26.7429,26.2614,26.2836,26398361.96
20050127,0,26.3725,26.4466,26.2021,26.3873,22833432.07
20050128,0,26.3354,26.5058,26.2317,26.4688,21908752.56
20050131,0,26.6318,26.8021,26.5799,26.7725,20106917.74
20050201,0,26.6688,26.9503,26.5725,26.891,22632970.89
20050202,0,26.8021,26.8762,26.6688,26.8466,17549679.37
20050203,0,26.7799,26.7799,26.6169,26.7058,15554546.48
20050204,0,26.6836,26.9133,26.6836,26.8688,18014718.54
20050207,0,26.7058,26.9355,26.7058,26.8244,13650248.977
20050208,0,26.8762,27.0614,26.8169,27.017,20295904.6
20050209,0,26.9058,26.9355,26.5725,26.7206,23442372.09
20050210,0,26.7947,26.8466,26.6614,26.7132,16249868.91
20050211,0,26.6688,27.017,26.6318,26.854,19612992.93
20050214,0,26.8392,26.9651,26.7651,26.8984,12584236.29
20050215,0,26.8688,27.1207,26.854,26.9355,16546713.46
20050216,0,26.8614,26.9207,26.7132,26.8318,15548737.39
20050217,0,26.7651,26.9651,26.654,26.6984,18770795.63
20050218,0,26.7132,26.7132,26.4391,26.5799,25035781.94
20050222,0,26.3651,26.6021,26.2021,26.2095,24936434.43
20050223,0,26.0391,26.2021,26.0169,26.1354,23054946
20050224,0,26.1653,26.5455,26.1131,26.5082,20058489.9
20050225,0,26.5007,26.6126,26.3964,26.5306,17899394.24
20050228,0,26.4038,26.4486,26.1951,26.2622,20677449.9
20050301,0,26.292,26.3815,26.2026,26.2473,20098605.9
20050302,0,26.1504,26.6051,26.1355,26.538,22479583.85
20050303,0,26.6424,26.7095,26.4262,26.5082,22147704.51
20050304,0,26.702,27.0076,26.6275,26.948,25447723.55
20050307,0,26.9256,27.0449,26.866,26.9256,15710379.08
20050308,0,26.8586,26.9927,26.8287,26.8809,14894496.58
20050309,0,26.7467,26.9182,26.6126,26.6647,18825815.81
20050310,0,26.7244,27.0076,26.6498,26.9406,17529819.02
20050311,0,26.8586,26.9406,26.6126,26.7542,16237983.14
20050314,0,26.6871,26.9778,26.6722,26.9778,20846609.72
20050315,0,27.0449,27.194,26.8436,26.8735,19986722.12
20050316,0,26.6946,26.9256,26.4486,26.5604,22050713.96
20050317,0,26.5753,26.62,26.292,26.3591,18510031.1
20050318,0,26.3964,26.6126,26.2995,26.5902,40412088.24
20050321,0,26.6349,26.9256,26.4486,26.8436,20776582.59
20050322,0,26.8362,26.9778,26.4038,26.4858,22554839.6
20050323,0,26.4635,26.702,26.3591,26.4411,26500780.47
20050324,0,26.7542,26.9107,26.62,26.6498,22023210.3
20050328,0,26.7616,26.9778,26.7393,26.8064,17054937.77
20050329,0,26.702,26.8138,26.4113,26.4709,22061845.32
20050330,0,26.538,26.9778,26.4784,26.9629,21020866.53
20050331,0,26.9107,26.948,26.7915,26.8809,19180364.37
20050401,0,26.9704,27.0002,26.4113,26.4635,25129793.94
20050404,0,26.4784,26.4858,26.0609,26.2697,26546255.1
20050405,0,26.2547,26.4486,26.2026,26.4336,19215784.35
20050406,0,26.5231,26.6349,26.374,26.4411,17508088.25
20050407,0,26.5231,26.7244,26.4635,26.6647,16879607.97
20050408,0,26.6126,26.8064,26.5902,26.6722,21937095.9
20050411,0,26.6871,26.7915,26.6126,26.702,13501110.49
20050412,0,26.5902,27.0598,26.4336,26.9256,24232083.61
20050413,0,26.8735,27.0002,26.4933,26.5678,25548335.99
20050414,0,26.8213,26.9704,26.3889,26.5007,28114426
20050415,0,26.702,27.2015,26.6498,26.6871,48896830
20050418,0,26.6498,27.1195,26.6498,26.8213,33453225.93
20050419,0,27.0226,27.0747,26.7095,26.8287,25064193.61
20050420,0,26.7244,26.8436,26.3516,26.4784,29247311.45
20050421,0,26.6871,26.9331,26.5529,26.9033,23226115.13
20050422,0,26.8362,27.0673,26.5976,26.9182,24666316.36
20050425,0,27.0971,27.1866,26.948,27.112,20534186.97
20050426,0,27.1344,27.2835,26.9853,27.0002,21970632.67
20050427,0,26.8735,27.2015,26.7915,27.0896,21749554.95
20050428,0,26.8958,27.1642,26.5529,26.5902,26540756.11
20050429,0,26.702,27.0002,26.5156,26.9406,27110477.53
20050502,0,26.8958,27.0896,26.8735,27.0449,16628082.16
20050503,0,26.8735,26.9406,26.6573,26.9107,31807510.28
20050504,0,26.9182,27.0375,26.7467,26.9778,21484075.7
20050505,0,26.948,27.0076,26.6349,26.7244,18833860.53
20050506,0,26.702,26.9107,26.6722,26.7169,22197874.14
20050509,0,26.7169,26.9927,26.6946,26.9927,17215780.73
20050510,0,26.8809,26.9778,26.6275,26.702,21863041.08
20050511,0,26.7616,26.9927,26.5902,26.9704,18350400.26
20050512,0,26.9629,27.0673,26.6946,26.784,20376019.35
20050513,0,26.7393,26.8884,26.5082,26.6051,22914489.874
20050516,0,26.7244,27.0226,26.6722,27.0151,19109667.31
20050517,0,26.9107,27.1866,26.8362,27.1716,18205250.43
20050518,0,27.2089,27.5816,27.194,27.4922,27943802.01
20050519,0,27.5071,27.5593,27.3356,27.5146,18015699.86
20050520,0,27.5444,27.6338,27.4698,27.6189,19076271.59
20050523,0,27.4549,27.8351,27.4549,27.7009,18826754.01
20050524,0,27.5966,27.768,27.5593,27.6413,17014560.96
20050525,0,27.6487,27.6487,27.358,27.4847,14233554.39
20050526,0,27.5966,27.6562,27.4102,27.5295,13751698.22
20050527,0,27.522,27.5667,27.4326,27.4996,8938897.82000001
20050531,0,27.4922,27.5295,27.1866,27.1866,18323972.29
20050601,0,27.194,27.5891,27.1418,27.5369,18853181.82
20050602,0,27.5295,27.5593,27.4326,27.5071,14776311.502
20050603,0,27.4326,27.5518,27.3207,27.3729,15221147.17
20050606,0,27.3207,27.4549,27.194,27.2984,13592868.31
20050607,0,27.4102,27.6786,27.3878,27.4847,20581801.87
20050608,0,27.5667,27.6189,27.4326,27.4475,14486691
20050609,0,27.3953,27.4624,27.2238,27.4251,14811461.4
20050610,0,27.358,27.5444,27.1046,27.2984,16923739.97
20050613,0,27.2984,27.4773,27.2089,27.2536,17354215.21
20050614,0,27.2089,27.3506,27.1046,27.1642,18199753.94
20050615,0,27.1716,27.276,26.9629,27.0822,21198208.44
20050616,0,27.0375,27.1642,26.8735,26.9406,19893492.42
20050617,0,26.9927,27.3207,26.9927,27.1418,41240711.413
20050620,0,27.0747,27.1418,26.9853,27.0896,19822261.74
20050621,0,27.0375,27.1344,26.9107,26.9704,25887192.39
20050622,0,27.0076,27.0896,26.5306,26.6349,30629562.65
20050623,0,26.6275,26.725,25.8924,25.9899,60416270.4
20050624,0,26.0649,26.9875,25.6149,26.0874,59812321.36
20050627,0,26.0424,26.1474,25.8999,25.9749,28233250.24
20050628,0,26.1324,26.4024,26.0424,26.3574,34211759.48
20050629,0,26.3874,26.5375,26.1999,26.2599,25743481.83
20050630,0,26.2524,26.485,25.9149,25.9299,33132928.17
20050701,0,26.1399,26.2074,25.9974,26.0499,24403738.52
20050705,0,25.9749,26.1774,25.8774,26.0499,25601491.16
20050706,0,25.9149,26.0199,25.6749,25.7574,26052121.42
20050707,0,25.6374,25.8024,25.4499,25.6599,36563948.21
20050708,0,25.7874,26.3424,25.7649,26.2374,38469776.21
20050711,0,26.3949,26.575,26.2524,26.3349,23315700.81
20050712,0,26.2899,26.4325,26.1399,26.3049,21075242.83
20050713,0,26.3274,26.4775,26.2974,26.3874,20745007.8
20050714,0,26.545,26.8375,26.4399,26.7475,34249634
20050715,0,26.5075,26.8,26.2149,26.6125,50544172
20050718,0,26.5375,26.62,26.3649,26.4024,21261764.3
20050719,0,26.5225,26.59,26.2899,26.47,26353289.84
20050720,0,26.5,26.53,26.2149,26.4775,22349260.64
20050721,0,26.3874,26.5225,26.2524,26.2674,20375178.48
20050722,0,26.4325,26.4325,26.1099,26.3124,17730889.01
20050725,0,26.4024,26.4024,25.9524,26.1024,21792111.85
20050726,0,26.1249,26.3349,26.0349,26.0499,19947882.64
20050727,0,26.0349,26.1174,25.9374,26.1024,20676351.11
20050728,0,26.1624,26.2899,26.0649,26.1849,19323274.43
20050729,0,26.1024,26.1924,25.8699,25.8924,22675501.31
20050801,0,25.9299,25.9674,25.6074,25.7124,22724693.78
20050802,0,25.6899,25.9224,25.6224,25.6899,23857389.67
20050803,0,25.6974,25.7949,25.5624,25.6674,22407922.23
20050804,0,25.6149,25.6674,25.4949,25.5024,22991206.48
20050805,0,25.3899,25.5099,25.2998,25.3673,22854681.39
20050808,0,25.3899,25.4799,25.2773,25.3448,17839146.49
20050809,0,25.4799,25.7124,25.4274,25.6074,22497915.45
20050810,0,25.7274,25.8624,25.4049,25.4274,26381684.34
20050811,0,25.5174,25.8849,25.4649,25.8474,24126166.71
20050812,0,25.7424,25.9224,25.6674,25.7049,20299719.83
20050815,0,25.5924,25.7049,25.5174,25.6599,17351724.58
20050816,0,25.5849,25.6524,25.4049,25.4499,20400506
20050817,0,25.4124,25.7874,25.3974,25.5999,19809629.64
20050818,0,25.5324,25.7124,25.4424,25.4874,16148369.12
20050819,0,25.5699,25.6974,25.3899,25.4874,16522199.066
20050822,0,25.5549,25.6824,25.3673,25.4874,16592598.43
20050823,0,25.5024,25.5624,25.2773,25.4799,19203954.61
20050824,0,25.4424,25.5774,25.1573,25.1798,23129726.88
20050825,0,25.1273,25.2173,25.0523,25.1198,20606354.13
20050826,0,25.1273,25.1648,24.9848,25.0523,20903531.53
20050829,0,24.8798,25.2173,24.7973,25.1798,22984535.53
20050830,0,25.1273,25.1723,24.6023,24.9323,33955527.95
20050831,0,24.9023,25.2623,24.6998,25.2398,29199428.82
20050901,0,25.0748,25.1498,24.7523,24.8198,27882213.7
20050902,0,25.0523,25.0973,24.9398,24.9998,20560230.67
20050906,0,25.0898,25.4874,25.0298,25.4424,28941582.55
20050907,0,25.4199,25.5399,25.2248,25.4949,23499024.5
20050908,0,25.5099,25.5099,25.2773,25.4124,18586010.5
20050909,0,25.4574,25.6749,25.4049,25.4724,20795672.95
20050912,0,25.5024,25.8999,25.4949,25.8099,29658452.64
20050913,0,25.7649,25.8324,25.4874,25.7049,22235273.6
20050914,0,25.7049,25.8174,25.5024,25.5324,20881264.35
20050915,0,25.5549,25.8024,25.5549,25.7949,22461116.59
20050916,0,25.8924,25.9374,25.6599,25.8624,40982899.3
20050919,0,25.7274,25.7499,25.4199,25.5624,22604567.12
20050920,0,25.6074,25.6674,25.3148,25.3899,22673233.24
20050921,0,25.1423,25.3073,25.1273,25.1648,27763564.71
20050922,0,25.1648,25.3234,25.0365,25.1497,26024742.52
20050923,0,25.1422,25.3536,25.112,25.2101,18891546.28
20050926,0,25.3536,25.3838,25.0138,25.1346,23998303.2
20050927,0,25.2554,25.5499,25.0818,25.3989,26383279.3
20050928,0,25.4291,25.4442,25.112,25.3083,20864739.68
20050929,0,25.1422,25.4819,24.9157,25.414,27240066.05
20050930,0,25.4064,25.497,25.1271,25.414,24822918.53
20051003,0,25.3687,25.3913,25.0667,25.0969,28396197.4
20051004,0,25.1648,25.2554,24.8024,24.81,33363218.22
20051005,0,24.8402,24.9912,24.6665,24.6892,27768930.96
20051006,0,25.0516,25.4744,25.0516,25.3687,41999679.867
20051007,0,25.5952,25.8972,25.414,25.8368,36253739.52
20051010,0,25.8443,25.8896,25.6329,25.6707,20391111.151
20051011,0,25.6631,25.7311,25.4366,25.5197,21077852.02
20051012,0,25.3536,25.7084,25.3536,25.5348,21980211.28
20051013,0,25.4819,25.8292,25.4819,25.6933,25617447
20051014,0,25.9727,26.0331,25.7462,25.9123,31240892
20051017,0,25.8292,26.0482,25.6254,25.6707,28076873.59
20051018,0,25.6707,25.9878,25.5952,25.6707,20434819.71
20051019,0,25.6178,25.9802,25.5499,25.9727,23020310.86
20051020,0,26.018,26.018,25.4744,25.6027,24017240.8
20051021,0,25.6329,25.7235,25.3687,25.4819,26625522.92
20051024,0,25.4895,25.7764,25.4895,25.7462,20084628.65
20051025,0,25.6782,25.7688,25.3611,25.5952,23687447.89
20051026,0,25.6556,25.8217,25.4215,25.4517,26957693.26
20051027,0,25.3913,25.4366,25.2252,25.3158,21190692.39
20051028,0,25.4291,25.7386,25.3083,25.6933,24696959.29
20051031,0,25.6707,25.7764,25.5499,25.5952,29756299.46
20051101,0,25.648,25.6556,25.3309,25.3611,23889696.07
20051102,0,25.3687,25.648,25.3007,25.5046,29170083.94
20051103,0,25.5952,25.7839,25.5197,25.6405,22558343.53
20051104,0,25.6556,25.7462,25.4819,25.6707,20121453.78
20051107,0,25.7462,25.7688,25.6329,25.7009,18738312.68
20051108,0,25.5801,25.6329,25.4517,25.4895,18362560.1
20051109,0,25.5574,25.7839,25.4517,25.6178,22242984.07
20051110,0,25.648,26.2294,25.6103,26.1086,35756004.42
20051111,0,26.0859,26.2596,25.9727,26.1539,17079944.05
20051114,0,26.169,26.169,25.8443,25.9802,17219145.94
20051115,0,25.9802,26.2067,25.8896,25.9651,17365100.28
20051116,0,25.9651,26.2067,25.9123,26.0482,19167175.32
20051117,0,26.1086,26.252,25.9274,26.1916,19105852.558
20051118,0,26.773,27.0297,26.6145,27.0071,67697413.55
20051121,0,26.9995,27.4374,26.8636,27.3242,40882493.2
20051122,0,27.2185,27.3544,27.0448,27.2487,32037020.44
20051123,0,27.2185,27.2864,27.1052,27.1279,22021004.09
20051125,0,27.1807,27.4072,27.1203,27.3166,11793063.601
20051128,0,27.3317,27.3317,27.0599,27.1807,22424964.05
20051129,0,27.2789,27.3544,27.075,27.1052,25998246.58
20051130,0,27.143,27.3015,26.9769,26.9769,27798069.15
20051201,0,27.0675,27.1052,26.9089,26.9618,25087812.58
20051202,0,26.992,26.992,26.6069,26.7957,31794652.54
20051205,0,26.7428,27.075,26.7277,26.9995,26065002.2
20051206,0,27.1052,27.2562,26.9693,27.0297,28178456.4
20051207,0,27.0297,27.0675,26.7277,26.8485,27424038.99
20051208,0,26.8561,26.924,26.6296,26.7051,27178219.15
20051209,0,26.7504,27.0297,26.6749,26.8032,21962327.53
20051212,0,26.924,26.9769,26.7504,26.8334,17069481.92
20051213,0,26.8032,26.9391,26.6673,26.773,31242212.67
20051214,0,26.9316,27.0977,26.8183,26.992,25182372.25
20051215,0,27.1354,27.3015,27.0071,27.1581,36625115.9
20051216,0,27.2034,27.377,27.1958,27.2185,35605112.06
20051219,0,27.1807,27.3695,26.9014,27.0599,20599982.07
20051220,0,26.9316,27.1354,26.7126,26.8561,25963014.39
20051221,0,26.924,26.924,26.6145,26.6673,26047781.82
20051222,0,26.7433,26.9639,26.7433,26.9334,18453128.21
20051223,0,27.0399,27.0475,26.8878,26.9563,11697361.31
20051227,0,27.0475,27.0703,26.6369,26.6445,20625928.42
20051228,0,26.6597,26.7357,26.5761,26.6901,18431688.47
20051229,0,26.6977,26.9563,26.6673,26.7586,19045834.48
20051230,0,26.7053,26.7814,26.5989,26.6749,19024400.53
20060103,0,26.6901,26.9182,26.4012,26.8802,34517912.31
20060104,0,26.8802,26.9182,26.6825,26.8574,26950466.17
20060105,0,26.8194,26.8802,26.6901,26.7738,19673268.95
20060106,0,26.903,27.0171,26.7586,26.9487,26343948.8
20060109,0,26.9182,26.9411,26.789,26.9106,21296228.91
20060110,0,26.8194,26.8498,26.6521,26.751,25646551.91
20060111,0,26.7205,27.0323,26.6901,26.9258,27895096.08
20060112,0,26.9563,26.9639,26.538,26.6217,26969010.61
20060113,0,26.538,26.8042,26.462,26.6825,21236521.38
20060117,0,27.0931,27.0931,26.424,26.5685,19712454.85
20060118,0,26.538,26.5456,26.2643,26.4772,25102500.4
20060119,0,26.538,26.538,26.2339,26.3784,35982402
20060120,0,26.0818,26.1274,25.2606,25.367,93870835
20060123,0,25.4963,25.6027,25.291,25.3214,47701855.8
20060124,0,25.5115,25.5115,25.0248,25.0781,50072167.109
20060125,0,25.2073,25.2454,24.8271,24.9412,61856733.1
20060126,0,25.04,25.1465,24.8956,25.1009,60840686.83
20060127,0,25.0553,25.1085,24.8956,25.0477,53651874
20060130,0,25.0172,25.1617,24.8652,25.04,41465809.35
20060131,0,25.0172,25.0781,24.8119,24.926,46821928.7
20060201,0,24.8347,25.2378,24.7587,25.2073,46833359.5
20060202,0,25.1465,25.3138,25.002,25.04,37934392.63
20060203,0,24.9412,25.1997,24.9184,24.9944,32693350.87
20060206,0,24.9792,25.0096,24.7891,24.9108,28946913.05
20060207,0,24.8347,24.888,24.4621,24.5762,46158983.3
20060208,0,24.5686,24.9336,24.5078,24.9032,31925857
20060209,0,24.926,25.1237,24.9032,25.0172,32276341.31
20060210,0,25.0324,25.3746,24.9412,25.291,31312635.94
20060213,0,25.2454,25.4431,25.0933,25.2834,25092110.32
20060214,0,25.2302,25.5039,25.1237,25.4431,33559865.9
20060215,0,25.5039,25.5039,25.2454,25.4431,23699031.27
20060216,0,25.4279,25.4735,25.1313,25.3518,28715586.57
20060217,0,25.3594,25.5571,25.3138,25.5495,30556851.78
20060221,0,25.5571,25.6636,25.2606,25.3518,23673916.39
20060222,0,25.5115,25.6636,25.4355,25.5875,32566048.09
20060223,0,25.4727,25.6336,25.4344,25.511,26164089.28
20060224,0,25.4727,25.5187,25.2812,25.3884,22086924.09
20060227,0,25.4497,25.5493,25.3654,25.5263,23519904.89
20060228,0,25.4344,25.511,25.105,25.1662,30315528.47
20060301,0,25.2582,25.3041,25.0054,25.0743,29481297.61
20060302,0,25.0513,25.2122,24.9058,25.1739,29943377.18
20060303,0,25.0896,25.5416,25.0743,25.3425,32074569.6
20060306,0,25.3271,25.4727,25.2046,25.3578,26588183.84
20060307,0,25.3118,25.465,25.2888,25.3961,25971032.08
20060308,0,25.3271,25.6872,25.2888,25.6106,30251307.34
20060309,0,25.5723,25.6949,25.4037,25.4497,29385096.09
20060310,0,25.4957,25.7944,25.4803,25.7868,32344378.5
20060313,0,25.7868,25.8404,25.6106,25.7561,23613624.8
20060314,0,25.6642,25.9323,25.6489,25.8787,24605015.53
20060315,0,25.8787,26.4456,25.8711,26.369,43164704.67
20060316,0,26.5452,26.5835,26.3077,26.3537,37436958.61
20060317,0,26.4073,26.6295,26.3537,26.438,43020192.51
20060320,0,26.461,26.5835,26.3537,26.4533,19100223.11
20060321,0,26.438,26.5759,26.2311,26.3154,24214331.44
20060322,0,26.3384,26.4839,26.3077,26.4533,17614375.11
20060323,0,26.392,26.4073,26.0549,26.1622,25369149.06
20060324,0,26.0702,26.1469,25.963,26.0319,17256326.29
20060327,0,25.9477,26.0013,25.7485,25.8787,17056350.63
20060328,0,25.8251,25.9323,25.6259,25.7485,28129901.2
20060329,0,25.7025,26.0779,25.7025,26.009,30365779.01
20060330,0,26.1852,26.6218,26.0856,26.5222,51173104.28
20060331,0,26.6142,26.8134,26.5759,26.6525,41988602.5
20060403,0,26.6525,26.8057,26.4993,26.5759,26841284.73
20060404,0,26.7138,26.7138,26.2924,26.5759,26383381.25
20060405,0,26.5452,26.6142,26.346,26.3767,22558663.38
20060406,0,26.2771,26.4686,26.1239,26.392,24560763.33
20060407,0,26.4686,26.6218,26.0549,26.0779,29015030.55
20060410,0,26.0932,26.1085,25.894,25.9783,27025340.32
20060411,0,25.986,26.1009,25.7638,26.0626,24800811.58
20060412,0,26.2771,26.4533,26.1392,26.4226,30605963
20060413,0,26.1928,26.3231,25.7485,25.9247,43806424
20060417,0,25.8634,25.8634,25.3348,25.511,43448348.74
20060418,0,25.6795,26.0243,25.442,25.9323,39805984.07
20060419,0,26.009,26.0243,25.6642,25.9553,29138126.71
20060420,0,25.894,26.1852,25.7638,26.1315,31121425.31
20060421,0,26.2388,26.2924,25.8021,26.0166,36293767
20060424,0,25.9017,26.0473,25.8404,26.0013,19859522.37
20060425,0,26.0473,26.0932,25.8404,26.0166,26729812.5
20060426,0,26.1009,26.3843,25.9553,26.1392,28906429.47
20060427,0,25.9707,26.5682,25.963,26.3614,31807636.61
20060428,0,26.4226,26.6448,26.3154,26.4993,27618998.93
20060501,0,26.5376,26.5989,26.2924,26.3307,21603170.4
20060502,0,26.346,26.4993,26.1239,26.4226,19931447.91
20060503,0,26.2158,26.5605,26.1928,26.3537,25978339.27
20060504,0,26.4303,26.7674,26.392,26.6601,25550587.16
20060505,0,26.7674,26.9819,26.6908,26.9436,30592525
20060508,0,26.89,26.9972,26.7904,26.8057,18759095
20060509,0,26.7751,26.9053,26.6908,26.8287,19509829.01
20060510,0,26.7674,26.8057,26.4303,26.5835,26086547.03
20060511,0,26.4303,26.5605,26.1469,26.3997,28260958.93
20060512,0,26.3384,26.461,26.1852,26.2388,25994918.7
20060515,0,26.1239,26.4993,26.1085,26.4686,27690793.47
20060516,0,26.6142,26.7521,26.5912,26.6525,28763109.21
20060517,0,26.5222,26.6984,26.3231,26.3614,32072351.09
20060518,0,26.4226,26.4686,26.1545,26.1852,28351146.65
20060519,0,26.2235,26.4303,26.009,26.1852,36755194.08
20060522,0,26.0856,26.3231,26.0626,26.1162,32475307.4
20060523,0,26.1239,26.2158,25.9783,26.0549,26638962.16
20060524,0,25.8634,26.3384,25.8174,26.2464,36661995.7
20060525,0,26.3154,26.369,26.0473,26.3614,24277115.88
20060526,0,26.4073,26.4533,26.1239,26.2924,24873779.26
20060530,0,26.3077,26.3307,26.0549,26.0779,24459733.21
20060531,0,26.1622,26.2464,25.9707,26.1852,27463925.63
20060601,0,26.2771,26.5222,26.2158,26.4533,23103242.02
20060602,0,26.5376,26.6678,26.415,26.5452,25795593.14
20060605,0,26.4686,26.5222,26.1852,26.2311,21629406.37
20060606,0,26.3537,26.4916,26.2081,26.4686,30482087.04
20060607,0,26.4686,26.7521,26.369,26.392,27440168.45
20060608,0,26.3001,26.4839,26.0013,26.4839,40332293.59
20060609,0,26.4456,26.5069,25.9783,26.0856,31347637.6
20060612,0,26.1775,26.2541,25.9553,25.9707,20856268.09
20060613,0,25.8404,26.2081,25.8251,25.8557,38627939.3
20060614,0,25.8174,26.0396,25.7868,25.9477,28950035.19
20060615,0,26.0319,26.2311,25.7255,26.1009,36426770.164
20060616,0,25.94,26.0549,25.7561,26.009,40024994.12
20060619,0,26.009,26.009,25.7715,25.8864,23092019.42
20060620,0,25.8328,25.9094,25.6872,25.7944,27174534.83
20060621,0,25.917,25.963,25.6182,25.7791,33495938
20060622,0,25.6787,25.8253,25.5783,25.6632,29133484.56
20060623,0,25.6092,25.7559,25.5397,25.6169,24077167.38
20060626,0,25.6092,25.6787,25.3931,25.6246,23524449.46
20060627,0,25.5089,25.6787,25.3931,25.4085,27216994.48
20060628,0,25.4163,25.5012,25.2928,25.4008,23774380.47
20060629,0,25.4548,25.6864,25.3005,25.6401,32177819.72
20060630,0,25.725,25.7559,25.4548,25.4626,31283841.27
20060703,0,25.5475,25.7559,25.5397,25.6632,14618308.75
20060705,0,25.6478,25.8022,25.5629,25.7481,31389299.29
20060706,0,25.7095,25.9488,25.7018,25.833,24478813.86
20060707,0,25.7404,25.8639,25.6324,25.725,21227042.59
20060710,0,25.7018,25.8253,25.5475,25.8176,18689558.59
20060711,0,25.7559,25.7636,25.4626,25.6787,27483760.08
20060712,0,25.6324,25.6401,25.4317,25.5243,26576561.1
20060713,0,25.478,25.5166,25.1307,25.231,38634731
20060714,0,24.9223,24.984,24.7293,24.7988,56559511
20060717,0,24.7602,25.0303,24.7602,24.9532,25866169.74
20060718,0,24.9763,25.0612,24.8528,25.0535,31840305.69
20060719,0,25.1461,25.5012,25.0535,25.3545,28026369.94
20060720,0,25.3545,25.424,25.0458,25.0921,23897204.21
20060721,0,25.1693,25.1693,24.8528,24.8914,35145062.73
20060724,0,25.0689,25.285,24.9223,25.177,27032884.08
20060725,0,25.3159,25.3236,25.0149,25.2156,24603831.9
20060726,0,25.2696,25.2928,25.0689,25.231,24257903.42
20060727,0,25.2773,25.3777,25.0998,25.2001,21276927.54
20060728,0,25.3159,25.6478,25.2156,25.4703,25179230.64
20060731,0,25.3159,25.4008,25.2001,25.2465,23078371.09
20060801,0,25.2001,25.3159,25.0072,25.1152,20244309.78
20060802,0,25.123,25.3236,25.0226,25.1693,20266468.55
20060803,0,25.123,25.3777,25.0072,25.2696,24050996.59
20060804,0,25.4008,25.4626,25.1615,25.285,19771148.57
20060807,0,25.2233,25.3391,25.0689,25.2387,18310975.06
20060808,0,25.3159,25.3159,24.8297,24.9609,29198259.65
20060809,0,25.0689,25.2542,24.8837,24.9068,22592767.33
20060810,0,24.9686,25.3005,24.8837,25.1693,27954331.72
20060811,0,25.177,25.3005,25.0226,25.1075,17631161.35
20060814,0,25.2465,26.2112,25.1847,25.3159,29911635.28
20060815,0,25.6169,25.6864,25.5012,25.6169,23719054.92
20060816,0,25.7559,26.1186,25.7173,26.0106,28955460
20060817,0,26.0106,26.2421,25.972,26.1649,20932286.2
20060818,0,26.0183,26.2421,26.0183,26.2344,19280618.74
20060821,0,26.2421,26.3193,26.0646,26.2035,15233601.26
20060822,0,26.1649,26.3888,25.9951,26.2112,18943762.25
20060823,0,26.0492,26.1418,25.9334,26.0569,22017248.61
20060824,0,26.1958,26.2498,26.0106,26.1186,16951991.1
20060825,0,26.026,26.1804,26.0106,26.1263,13718236.46
20060828,0,26.0106,26.2421,26.0106,26.2035,15358626.23
20060829,0,26.1649,26.4273,26.1418,26.3965,19981301.03
20060830,0,26.3965,26.5817,26.3888,26.4582,16149223.15
20060831,0,26.4659,26.4891,26.2498,26.3193,16759720.74
20060901,0,26.381,26.4505,26.2575,26.327,16908196.28
20060905,0,26.3039,26.3424,26.1804,26.2575,17382012.32
20060906,0,26.1418,26.2807,26.0646,26.1958,20757898.98
20060907,0,26.1263,26.3579,26.1032,26.2498,28977490
20060908,0,26.1649,26.2807,26.1495,26.2421,13391346.34
20060911,0,26.1263,26.5586,26.0569,26.5354,24594508.7
20060912,0,26.574,26.8055,26.5354,26.7592,25118593.39
20060913,0,26.7824,26.8904,26.5817,26.8827,26200961.49
20060914,0,26.6666,26.9059,26.6126,26.8519,24650479.31
20060915,0,26.9368,27.0139,26.7978,26.9136,38134199.89
20060918,0,26.7438,26.9831,26.7129,26.9059,28978011.59
20060919,0,26.8982,26.9059,26.6898,26.8982,23024855.06
20060920,0,26.9136,27.068,26.7438,27.0448,28185862.9
20060921,0,27.1304,27.1304,26.6251,26.7728,28217345.12
20060922,0,26.7107,26.8195,26.6407,26.7262,20598515.2
20060925,0,26.6873,27.1615,26.6873,27.1304,25556083.96
20060926,0,27.1304,27.6901,27.1227,27.558,43123245.38
20060927,0,27.4647,27.7135,27.3403,27.4569,30214324.03
20060928,0,27.5191,27.6824,27.3326,27.6046,23698556.57
20060929,0,27.5347,27.6046,27.3481,27.4725,23101802.08
20061002,0,27.5191,27.7601,27.4258,27.5891,24553103.88
20061003,0,27.6046,27.8923,27.5658,27.7757,25883470.83
20061004,0,27.729,28.0788,27.6435,28.0711,31185666.26
20061005,0,27.9933,28.3587,27.9389,28.211,29284141.16
20061006,0,28.0477,28.2188,27.8923,28.0944,21408293.56
20061009,0,28.0944,28.1721,27.8767,28.1099,22057265.44
20061010,0,28.0633,28.2654,28.0322,28.2188,24846521.14
20061011,0,28.141,28.2965,28.0089,28.1177,22570659.3
20061012,0,28.1799,28.2343,28.0633,28.1488,26028426
20061013,0,27.9311,28.0711,27.5735,27.9622,49660415
20061016,0,27.7757,27.7757,27.4725,27.6668,38136870.39
20061017,0,27.4803,27.6746,27.3947,27.6513,29989720.4
20061018,0,27.8456,27.8612,27.5658,27.6202,26217933.44
20061019,0,27.5191,27.5891,27.317,27.4258,31295780.46
20061020,0,27.5191,27.6591,27.4103,27.5502,30346428.47
20061023,0,27.4258,27.7446,27.4181,27.5969,30222293.41
20061024,0,27.558,27.6591,27.4725,27.5269,22663795.96
20061025,0,27.6357,27.7135,27.4103,27.6668,26381170.77
20061026,0,27.7912,27.8223,27.5347,27.6591,24078551.87
20061027,0,27.5658,27.5969,27.3403,27.3714,34798328.65
20061030,0,27.3792,27.5269,27.247,27.3403,20205396.355
20061031,0,27.4258,27.4803,27.1149,27.2781,28155468.3
20061101,0,27.3637,27.3637,27.0916,27.1149,28506778.44
20061102,0,27.1149,27.1382,26.9128,26.9594,27017926.14
20061103,0,27.0372,27.2082,26.9672,27.0372,22096761.36
20061106,0,27.2237,27.5269,27.1304,27.4181,32369647.11
20061107,0,27.4803,27.7135,27.4181,27.6202,29748395.08
20061108,0,27.558,27.7912,27.5036,27.6591,21913451.26
20061109,0,27.6046,27.7212,27.3637,27.4492,22154776.01
20061110,0,27.4414,27.4492,27.247,27.3481,21228715.819
20061113,0,27.4258,27.7212,27.4258,27.4958,24714925.25
20061114,0,27.5658,27.7912,27.2859,27.6435,31540703.18
20061115,0,27.6046,27.9234,27.5813,27.8301,28300573.53
20061116,0,27.8845,28.0866,27.8845,27.9545,27563739.55
20061117,0,27.8689,28.1954,27.7912,28.1488,31623548.03
20061120,0,28.1177,28.2032,27.9078,27.9622,24465239.37
20061121,0,27.97,27.9855,27.7679,27.8301,30223716.17
20061122,0,27.8301,28.0555,27.7679,27.97,21368931.45
20061124,0,27.8689,27.8923,27.7446,27.7679,9167759.60800001
20061127,0,27.6513,27.7912,27.4258,27.5424,28648543.94
20061128,0,27.4414,27.488,27.247,27.3714,29849627.39
20061129,0,27.4025,27.5502,27.3403,27.4803,22065118.94
20061130,0,27.5269,27.5969,27.3326,27.4492,24346892.61
20061201,0,27.5036,27.5191,27.1771,27.4025,27955182
20061204,0,27.5424,27.5969,27.4181,27.488,21860323.03
20061205,0,27.5269,27.5969,27.3092,27.3714,33123849.63
20061206,0,27.4803,27.558,27.2626,27.3015,38378571.88
20061207,0,27.3326,27.5114,27.2781,27.3092,28973993.44
20061208,0,27.3248,27.488,27.2082,27.4181,26368439.14
20061211,0,27.3947,27.6124,27.247,27.3637,35801835.37
20061212,0,27.3714,27.9234,27.247,27.7212,53841227.05
20061213,0,27.8689,27.9234,27.5191,27.6046,46975567.4
20061214,0,27.5891,28.2421,27.488,28.1566,48389692.93
20061215,0,28.2032,29.1594,28.1488,29.0195,104878253.78
20061218,0,29.1127,29.6414,29.0817,29.5403,60580945.59
20061219,0,29.346,29.5947,29.346,29.5869,36011770.89
20061220,0,29.6414,29.9212,29.5714,29.6569,39948348.1
20061221,0,29.7979,29.8057,29.4689,29.5786,28860828.6
20061222,0,29.6726,29.8135,29.375,29.4533,18742125.3
20061226,0,29.4454,29.5551,29.2497,29.5238,13529790.68
20061227,0,29.5942,29.7822,29.3906,29.5786,18510355.9
20061228,0,29.5707,29.5707,29.2497,29.3436,19973731.09
20061229,0,29.3515,29.3828,29.1009,29.1557,24973067.16
20070103,0,29.2967,29.8762,29.2732,29.743,51934321.5
20070104,0,29.7352,29.7587,29.328,29.5629,36340746.99
20070105,0,29.422,29.5707,29.2183,29.4533,30603345.16
20070108,0,29.328,29.5003,29.1714,29.3906,27585170.2
20070109,0,29.5864,29.7509,29.2575,29.3985,29929116.14
20070110,0,29.2732,29.4533,29.1714,29.3593,23722179.28
20070111,0,29.3671,29.7195,29.3045,29.6647,33651769.99
20070112,0,29.6334,29.7587,29.5003,29.6569,31447144.15
20070116,0,29.7587,29.9545,29.7039,29.8683,37707835.77
20070117,0,29.8997,29.978,29.6412,29.696,29066289.35
20070118,0,29.7665,29.8918,29.1792,29.4924,44293923
20070119,0,29.093,29.3671,28.8581,28.9286,65863485
20070122,0,29.0774,29.234,28.6545,28.7563,42531467
20070123,0,28.725,28.772,28.49,28.5997,39605369.53
20070124,0,28.7406,28.7798,28.5997,28.7015,25079430.33
20070125,0,28.7015,28.7406,28.3882,28.4744,31285990.38
20070126,0,28.5449,28.6232,28.2003,28.2473,30760279.65
20070129,0,28.2473,28.4979,28.2081,28.3569,24690352.21
20070130,0,28.3491,28.4587,28.0045,28.0985,43074038.31
20070131,0,28.1925,28.3647,28.0593,28.2003,41579771.93
20070201,0,28.3334,28.3726,28.0045,28.3647,44090359.11
20070202,0,28.3961,28.5057,28.2864,28.4196,30124229.35
20070205,0,28.4039,28.5684,28.3491,28.4665,30907248.44
20070206,0,28.5057,28.537,28.3726,28.4352,24807831.34
20070207,0,28.4431,28.4665,28.2551,28.2708,23887543.94
20070208,0,28.2394,28.2394,27.8792,27.9888,39782858.5
20070209,0,27.9653,28.0672,27.7852,27.8009,35407313.32
20070212,0,27.84,28.0985,27.8244,27.8949,19198645.72
20070213,0,27.9105,28.1141,27.8792,28.028,24458554.87
20070214,0,28.1376,28.584,28.028,28.4744,38280867.23
20070215,0,28.4744,28.5605,28.2394,28.2943,27368219.8
20070216,0,28.2473,28.2708,28.0906,28.1141,33925938.92
20070220,0,28.0828,28.2943,27.9967,28.2629,28707857.93
20070221,0,28.1846,28.2708,28.0515,28.1141,30590317.53
20070222,0,28.2719,28.3193,27.8694,27.9246,42649630.89
20070223,0,27.8852,27.901,27.6958,27.7036,42168299.48
20070226,0,27.8299,27.9246,27.7194,27.8852,31479754.22
20070227,0,27.8615,28.8876,27.2301,27.3722,69204540.9
20070228,0,27.4669,27.6879,27.3485,27.5379,58711151.2
20070301,0,27.3169,29.077,27.088,27.5931,55840577.3
20070302,0,27.5695,27.7431,27.3879,27.5853,54492227.99
20070305,0,27.4195,27.601,27.2459,27.2538,37775669.42
20070306,0,27.4116,27.4984,27.2459,27.4195,39677890.7
20070307,0,27.4195,27.4274,27.088,27.1117,39023777.55
20070308,0,27.309,28.0036,27.1117,27.1669,33013857.57
20070309,0,27.2853,27.3406,26.9854,27.0643,39820573.21
20070312,0,27.0564,27.3327,26.8433,27.1827,34744935.45
20070313,0,27.0485,27.1354,26.796,26.8749,45607144.48
20070314,0,26.9065,27.1512,26.7565,27.0643,46833370.19
20070315,0,26.9933,27.3722,26.9223,27.238,40706999.07
20070316,0,27.309,27.4984,27.0328,27.1275,49426866.06
20070319,0,27.2301,27.3643,27.1748,27.3485,30670939.73
20070320,0,27.3327,27.5063,27.1906,27.4432,30976815.64
20070321,0,27.4274,28.1772,27.4037,27.9957,46781022.12
20070322,0,27.972,28.2877,27.9404,28.2561,40823118.98
20070323,0,28.2482,28.343,28.0588,28.2956,39821978.21
20070326,0,28.2956,28.414,27.9641,28.3903,35009701.67
20070327,0,28.2561,28.3351,28.0983,28.2325,31826195.81
20070328,0,28.1772,28.2009,27.8615,28.0036,37753495.35
20070329,0,28.0983,28.2009,27.8852,28.0825,30308218.3
20070330,0,28.0667,28.0825,27.6247,27.901,36942988.55
20070402,0,27.9089,28.0351,27.6642,27.8299,24981652.28
20070403,0,27.9641,28.0983,27.7589,27.8615,36561692.41
20070404,0,27.9167,27.9246,27.6405,27.7036,37039863.59
20070405,0,27.7273,27.7747,27.5774,27.6326,31009647.68
20070409,0,27.7036,27.7431,27.4116,27.4432,32340354.77
20070410,0,27.4669,27.6168,27.4195,27.5379,34549696.72
20070411,0,27.6247,27.7826,27.4905,27.5853,36986206.56
20070412,0,27.751,27.8141,27.4984,27.7826,37373542
20070413,0,28.0983,28.0983,27.822,27.8931,39597377
20070416,0,28.0194,28.0983,27.7352,27.9089,38413176.19
20070417,0,27.9167,27.9167,27.6326,27.7826,39755461.1
20070418,0,27.751,27.822,27.4984,27.7352,45722003.87
20070419,0,27.6642,27.9246,27.5063,27.6168,48552239
20070420,0,27.8063,27.8141,27.5458,27.7273,67744025.67
20070423,0,27.7273,27.7431,27.459,27.459,38554540.61
20070424,0,27.4669,27.5774,27.2695,27.4195,44567418.28
20070425,0,27.6089,27.9799,27.5537,27.9562,54063813.49
20070426,0,27.9878,28.2956,27.9562,28.2877,55469971.5
20070427,0,28.4929,29.3769,28.3745,29.0691,110403476.2
20070430,0,29.1243,29.3927,28.8955,29.1086,53552932.07
20070501,0,29.0612,29.3453,28.9823,29.2822,53258191.56
20070502,0,29.298,29.6453,29.298,29.4401,47047328.83
20070503,0,29.4716,29.5348,29.3059,29.4716,33165994.92
20070504,0,29.5506,29.5506,29.2033,29.3217,36113694.59
20070507,0,29.3848,29.5427,25.4226,29.3927,24771070.58
20070508,0,29.2743,29.4637,29.1322,29.2664,31859328.74
20070509,0,29.1401,29.4637,29.0928,29.4243,34998834.22
20070510,0,29.2822,29.2822,28.9665,29.0217,32757042.13
20070511,0,29.0454,29.2348,29.0454,29.1638,25020824.98
20070514,0,29.2033,29.2033,28.8086,28.8481,33304354.92
20070515,0,28.9428,29.3611,28.8955,28.9191,33026218.12
20070516,0,28.9823,29.1165,28.8244,29.0612,30332313.44
20070517,0,29.006,29.0691,28.7692,28.8481,28859710.37
20070518,0,29.0454,29.4164,28.9665,29.1638,44210849.9
20070521,0,29.448,29.448,29.2112,29.2743,31199610.06
20070522,0,29.3769,29.6453,29.2901,29.4558,36927043.28
20070523,0,29.5979,29.8347,29.4716,29.6532,42207089.65
20070524,0,29.7558,29.8426,29.4006,29.4953,37531741.1
20070525,0,29.5427,29.7005,29.4085,29.6532,28674157.51
20070529,0,29.6847,29.7479,29.3138,29.5032,35592770.1
20070530,0,29.3532,29.7952,29.3296,29.7558,29522960.59
20070531,0,29.8189,29.8268,29.6058,29.6926,26348520.92
20070601,0,29.74,29.7952,29.3848,29.5348,34753209.33
20070604,0,29.8268,30.0083,29.5584,29.8347,39272872.21
20070605,0,29.8426,29.8426,29.4637,29.5269,36540358.03
20070606,0,29.4401,29.519,29.298,29.448,30200433.71
20070607,0,29.369,29.4953,29.006,29.006,43029960.25
20070608,0,29.0454,29.4558,28.927,29.448,34948647.75
20070611,0,29.2585,29.6926,29.2427,29.5742,31486008.66
20070612,0,29.4795,29.59,29.2664,29.2822,38506290.6
20070613,0,29.4006,29.7242,29.2112,29.7005,38350125.7
20070614,0,29.6768,29.9768,29.6768,29.811,40150117.39
20070615,0,29.961,30.1188,29.961,30.0715,53308817.1
20070618,0,30.1346,30.1346,29.9373,30.0399,29386563.55
20070619,0,29.9531,31.2554,29.9215,31.0028,89898275.66
20070620,0,31.137,31.3896,30.0873,30.8371,70424286.78
20070621,0,30.9643,30.9643,30.6065,30.845,48685281.38
20070622,0,30.7735,31.1233,30.4237,30.4396,60593075.3
20070625,0,30.4714,30.686,30.1455,30.3681,59577359.64
20070626,0,30.4476,30.4635,30.1057,30.2091,48027462.66
20070627,0,30.066,30.2806,29.9229,30.2488,49567828.44
20070628,0,30.3283,30.5112,30.0342,30.3363,37437253.88
20070629,0,30.3919,30.7655,30.2091,30.4078,42721674.19
20070702,0,30.5429,30.6383,30.1455,30.4078,31681195.57
20070703,0,30.4953,30.8371,30.4953,30.7019,21782410.691
20070705,0,30.6701,30.7417,30.5032,30.6145,25320600.52
20070706,0,30.5906,30.686,30.5032,30.5827,27706233.83
20070709,0,30.6542,30.7496,30.5032,30.694,34268913.53
20070710,0,30.5668,30.5986,30.1296,30.1614,44987052.86
20070711,0,30.0501,30.384,29.9944,30.3681,38124382.51
20070712,0,30.5588,30.9007,30.3601,30.9007,50181305
20070713,0,31.5049,31.9342,31.4095,31.4413,78651619
20070716,0,31.481,31.958,31.4333,31.8626,46610117.65
20070717,0,31.807,32.5542,31.799,32.3952,67402907.4
20070718,0,32.0534,32.4191,31.7434,32.1726,56416984.2
20070719,0,32.2601,32.427,32.1806,32.3634,35266572.5
20070720,0,32.1647,32.4509,31.799,31.9342,57163517.3
20070723,0,32.0375,32.5622,32.0375,32.435,37617467.95
20070724,0,32.2998,32.5781,31.9183,31.9739,52160179.9
20070725,0,32.2521,32.3714,31.7513,32.1329,49661626.42
20070726,0,31.807,32.3078,31.2823,31.6003,71046914.1
20070727,0,31.489,31.5923,30.9166,30.9404,56581493.5
20070730,0,31.0279,31.3538,30.7258,31.2425,46650959.66
20070731,0,31.4333,31.6003,30.8291,30.8291,47240822.85
20070801,0,30.686,31.2346,30.5668,30.9802,63330479.6
20070802,0,31.004,31.1471,30.7178,31.0199,43295557.32
20070803,0,30.8848,31.0756,30.3045,30.3045,54575263.01
20070806,0,30.3919,31.1869,30.217,31.0835,61126253.5
20070807,0,30.9166,31.5844,30.7973,31.4174,53954663.27
20070808,0,31.4015,32.0375,31.3697,32.0137,53811362.39
20070809,0,31.5367,31.9024,30.9007,31.0279,68362130.8
20070810,0,30.6065,30.9563,29.5651,30.4396,101944951
20070813,0,30.6622,30.845,30.2091,30.3045,48816107.3
20070814,0,30.3442,30.3601,29.8195,29.9626,50300307.3
20070815,0,29.8752,30.1534,29.1915,29.2312,62279237.8
20070816,0,29.0245,29.6446,28.7781,29.581,76032366.4
20070817,0,30.2965,30.7178,29.9865,30.5112,70678980.1
20070820,0,30.5986,30.6065,30.0103,30.3601,47932183.6
20070821,0,30.2329,30.8212,30.1932,30.4317,38736555.86
20070822,0,30.7099,31.2266,30.6065,31.0676,44122696.03
20070823,0,31.171,31.3379,30.686,31.0915,38060736.7
20070824,0,31.0358,31.3777,30.9881,31.322,41597348.52
20070827,0,31.2107,31.2107,30.9166,30.9484,26940075.56
20070828,0,30.8689,30.9404,30.2488,30.2965,36903035.91
20070829,0,30.3999,30.8053,30.3283,30.7814,32193651.49
20070830,0,30.4714,30.7814,30.3999,30.5668,25716660.51
20070831,0,30.845,31.0756,30.5986,30.9007,34751773.61
20070904,0,30.8768,31.2425,30.6145,31.0517,30780707.45
20070905,0,30.8212,30.9802,30.5668,30.7973,40251823.09
20070906,0,30.853,31.3618,30.6145,31.3141,42590763.6
20070907,0,30.9325,31.004,30.694,30.8371,51453719.92
20070910,0,30.845,31.4254,30.6145,31.1074,44521006.65
20070911,0,31.163,31.5923,31.0438,31.4492,38830891.74
20070912,0,31.3141,31.9978,31.2505,31.7036,46478077.9
20070913,0,31.807,32.435,31.7513,32.2203,50288647.89
20070914,0,31.9898,32.2998,31.7513,32.0773,36741805.76
20070917,0,31.8626,32.0773,31.8308,31.9421,27005615.14
20070918,0,32.0852,33.1902,31.958,33.071,56267189.09
20070919,0,33.2061,33.4446,33.1028,33.1823,50149979.5
20070920,0,33.2141,33.4302,32.854,32.966,37215811.85
20070921,0,33.3021,33.3982,32.974,32.974,43305526.18
20070924,0,33.038,33.0861,32.6299,32.6299,31865639.46
20070925,0,32.6139,33.0861,32.4618,32.926,29253568.27
20070926,0,32.982,33.2141,32.7499,32.998,32857044.51
20070927,0,33.1341,33.2381,32.894,33.1341,25612231.29
20070928,0,33.022,33.2141,32.894,33.1181,30383748.8
20071001,0,33.038,33.6863,33.038,33.6063,35195413.23
20071002,0,33.6383,33.7343,33.4542,33.6943,22043516.69
20071003,0,33.5743,33.7023,33.2141,33.2701,28113836.46
20071004,0,33.3822,33.5102,33.1741,33.3502,18682561.55
20071005,0,33.5583,33.6543,33.3662,33.4142,24754604.75
20071008,0,33.4062,33.4542,33.1421,33.1981,16314745.14
20071009,0,33.2221,33.6383,33.2141,33.6383,19174780.43
20071010,0,33.5503,33.6783,33.3742,33.4542,19946647.15
20071011,0,33.5743,33.6863,33.1101,33.3662,34801967
20071012,0,32.7339,33.2941,32.1096,32.7979,57919388
20071015,0,32.7339,32.7659,32.3417,32.6379,41900991.6
20071016,0,32.6379,32.7019,32.4618,32.6059,34467687.4
20071017,0,32.7579,32.926,32.6299,32.7819,47291968.78
20071018,0,32.7579,32.8139,32.4298,32.6459,36502619.52
20071019,0,32.4378,32.6459,31.9096,32.0136,62799168.8
20071022,0,31.8855,32.2057,31.7575,32.0856,32712409.74
20071023,0,32.2217,32.4858,32.0296,32.4058,31014904.19
20071024,0,32.3497,32.3978,31.5334,32.2057,46243427.9
20071025,0,32.2937,32.4538,31.7895,32.1417,45957533.55
20071026,0,32.2937,32.4138,31.9816,32.3017,28544883.57
20071029,0,32.3898,32.5578,32.2697,32.4618,30204541.25
20071030,0,32.4058,32.5338,32.2617,32.3818,29018223.75
20071031,0,32.5098,32.974,32.3818,32.958,34920780.32
20071101,0,32.7259,32.7979,32.1497,32.2057,42269503.34
20071102,0,32.4138,32.4378,31.9896,32.2697,42934750.9
20071105,0,31.9736,32.4458,31.9736,32.1737,34211465.86
20071106,0,32.1737,32.4058,31.9896,32.1577,49040260.3
20071107,0,31.9336,31.9576,31.2293,31.2373,52665026.16
20071108,0,31.3733,31.4694,30.0128,31.2053,61239982.1
20071109,0,30.8291,31.0132,30.501,30.701,49253389.2
20071112,0,30.605,31.2453,30.589,30.613,43062349.62
20071113,0,30.8131,31.4133,30.613,31.3893,45352182.33
20071114,0,31.9496,31.9736,31.0692,31.1812,44437703.2
20071115,0,31.1572,31.1572,30.517,30.701,47538512.14
20071116,0,30.8131,30.9491,30.3089,30.8771,56433506.2
20071119,0,30.7971,30.8211,30.4129,30.557,39098507.59
20071120,0,30.533,30.9011,30.0128,30.4289,49108726.2
20071121,0,30.1328,30.4449,29.4845,29.6446,74237053.6
20071123,0,29.9087,30.3089,29.7406,30.1488,28442820.972
20071126,0,30.1008,30.2128,29.2844,29.2924,46219367.59
20071127,0,29.4925,30.1488,29.4525,29.9807,49346337.1
20071128,0,30.1648,30.9411,30.0608,30.7971,55800850.2
20071129,0,30.645,30.669,30.2529,30.573,40993356.3
20071130,0,30.9091,30.9491,30.1008,30.645,55033002.55
20071203,0,30.573,30.573,29.2924,29.6046,73157115
20071204,0,29.3885,29.4685,28.8683,29.0203,68659018.85
20071205,0,29.2924,29.4845,29.0043,29.3645,63124721.16
20071206,0,29.3165,29.8287,29.1964,29.8127,39682818.74
20071207,0,29.8127,30.0128,29.5726,29.7486,35983998.64
20071210,0,29.8207,30.0047,29.6526,29.9407,36349155.67
20071211,0,29.9327,30.3729,28.9323,29.6526,76324723.9
20071212,0,30.3889,30.525,29.4925,29.8527,58176232.86
20071213,0,29.6126,30.2449,29.4125,30.0848,40811095.15
20071214,0,29.9967,30.0208,29.5486,29.5566,44593972.38
20071217,0,29.4685,29.5325,29.0363,29.1884,45268067.09
20071218,0,29.3565,29.5566,29.0043,29.4525,41866206
20071219,0,29.5165,29.6286,29.0683,29.2604,38680397.66
20071220,0,29.5429,29.5832,29.2361,29.5267,37037372.12
20071221,0,29.664,30.3501,29.5832,30.0191,75883885.49
20071224,0,30.1886,30.4873,29.9868,30.3258,20123619.126
20071226,0,30.2613,30.4227,30.1483,30.3339,25169684.31
20071227,0,30.229,30.3016,29.9465,29.9868,26080928.47
20071228,0,30.1886,30.3339,29.898,30.1321,25620494.33
20071231,0,30.1079,30.1079,29.8415,29.8657,21120094.89
20080102,0,29.9465,30.229,29.4864,29.6801,43884506.17
20080103,0,29.7124,30.0433,29.5832,29.7285,30503861.86
20080104,0,29.4944,29.5994,29.0424,29.0586,44427700.07
20080107,0,29.2281,29.4622,28.9859,29.2281,41346970.7
20080108,0,29.4057,29.4057,28.4128,28.5097,51119964.69
20080109,0,28.6388,29.0101,28.3725,28.9213,45812505.4
20080110,0,28.7357,29.2442,28.5339,29.0182,47811181.1
20080111,0,28.7034,28.7357,28.2352,28.3644,52697144.5
20080114,0,28.655,28.8648,28.4532,28.5904,36317588.33
20080115,0,28.4612,28.4693,27.7267,27.8882,61599412.4
20080116,0,27.7106,28.316,27.6944,27.8962,59204831.5
20080117,0,28.0415,28.0819,26.5724,26.75,84337218
20080118,0,27.4281,28.2352,27.2828,27.6944,94321285
20080122,0,26.7985,28.0092,26.7904,27.5249,83001137.6
20080123,0,27.2424,28.0092,26.8388,27.8397,89620223.6
20080124,0,27.9689,28.0577,27.4038,27.9527,58327300.0999999
20080125,0,28.2675,28.324,27.3393,27.4603,58901991.3
20080128,0,27.6944,28.0173,27.5572,28.0012,40090156.7
20080129,0,28.2272,28.3079,27.8478,28.0738,36990665.68
20080130,0,27.9931,28.8326,27.9043,28.211,59513496.88
20080131,0,27.9366,28.7922,27.8478,28.4774,57898917.3
20080201,0,28.5743,29.446,28.542,29.1474,64281284.5
20080204,0,29.1958,29.2604,28.4047,28.55,41253672.53
20080205,0,28.324,28.324,27.6137,27.6218,57148788.6
20080206,0,27.8155,27.9447,27.4442,27.5976,43242550.4
20080207,0,27.5088,27.8397,27.4603,27.6299,43023653.7
20080208,0,27.533,27.5976,27.0729,27.2666,47667435.13
20080211,0,27.3958,27.5976,27.0648,27.4684,37751971.34
20080212,0,27.646,27.9689,27.5249,27.759,36662913.94
20080213,0,27.9689,28.3321,27.9204,28.2675,40994478.4
20080214,0,28.2433,28.2595,27.6864,27.6864,39776420.24
20080215,0,27.7348,27.8559,27.5249,27.7429,41773612.04
20080219,0,27.8962,28.1464,27.533,27.6137,37715245.51
20080220,0,27.4846,27.8074,27.2828,27.7186,40773438.1
20080221,0,27.9873,27.9873,27.2624,27.352,60147651.3
20080222,0,27.4578,27.5312,27.0017,27.3682,44726911.9
20080225,0,27.3275,27.9058,27.2216,27.8977,44901247.78
20080226,0,27.7511,27.8162,27.5067,27.6615,49628058.02
20080227,0,27.5312,27.9221,27.4741,27.6941,36972088.19
20080228,0,27.6778,27.7103,27.3845,27.5393,36656159
20080229,0,27.4823,27.4904,26.9528,27.0343,53996261.31
20080303,0,27.1565,27.2868,26.9773,27.2298,39114986.5
20080304,0,27.0424,27.3682,26.9936,27.3438,50706484.8
20080305,0,27.4741,27.6533,27.1157,27.4334,49231476.8
20080306,0,27.3194,27.3601,26.7248,26.7329,58098635.94
20080307,0,26.6107,26.8388,26.0731,26.2931,64881281.5
20080310,0,26.3908,26.4315,25.7799,25.8532,59075992.8
20080311,0,26.399,27.1728,26.3175,27.132,71919596.9
20080312,0,27.2461,28.0687,27.2461,27.5719,76210055.3
20080313,0,27.2949,28.1095,27.132,27.8407,72654333.8
20080314,0,28.1176,28.1583,26.9284,27.5556,83169234.8
20080317,0,26.8714,28.2887,26.7411,27.914,92914187.3
20080318,0,28.4353,30.887,28.2724,29.372,94454390.6
20080319,0,29.4616,29.8363,29.0136,29.0217,74704675.7
20080320,0,29.7793,30.7404,28.9892,30.5694,121391853.2
20080324,0,30.6834,30.6834,30.1702,30.4635,54515008.5
20080325,0,30.3413,30.5694,30.0725,30.3168,51896130.9
20080326,0,30.1539,30.3413,29.9666,30.268,38886207.8
20080327,0,30.3494,30.4227,29.9096,30.0155,41657194.37
20080328,0,30.0481,30.1865,29.7385,29.7467,39625066.02
20080331,0,29.7955,30.3657,29.763,30.0806,42515367.6
20080401,0,30.4635,31.2861,30.3983,31.2698,55258497.2
20080402,0,31.2943,31.3757,30.716,30.9603,41693852.2
20080403,0,30.7404,30.9766,30.6019,30.7974,36972246.78
20080404,0,30.8056,30.8544,30.3983,30.6345,35111523.57
20080407,0,30.8463,30.8707,30.1376,30.3739,42045897.67
20080408,0,30.1295,30.2028,29.7711,30.1458,42074285.82
20080409,0,30.0318,30.0562,29.4942,29.6652,36366551.99
20080410,0,29.6489,30.1947,29.4534,29.9747,52161833
20080411,0,26.4723,26.8877,25.9102,26.0976,145301377
20080414,0,26.3745,26.4071,25.8858,26.2116,109439742.9
20080415,0,26.0976,26.1546,25.6414,26.008,73318653.6
20080416,0,26.3419,26.3501,26.0487,26.2116,84360438.6
20080417,0,26.1546,26.3908,26.065,26.065,71509887.53
20080418,0,26.4071,26.8551,26.2849,26.6596,82940678.1
20080421,0,26.6759,26.6759,26.3745,26.4641,38935589.22
20080422,0,26.4723,26.6352,26.2279,26.3827,47521682.71
20080423,0,26.4397,26.6515,26.2931,26.3582,48398383.2
20080424,0,26.4234,27.1809,26.4152,26.7818,62774039.4
20080425,0,26.8877,27.1972,26.7411,27.1565,48536011.9
20080428,0,27.2624,27.4171,26.904,27.018,42611687.72
20080429,0,27.0343,27.0913,26.6677,26.7248,45362764.1
20080430,0,26.7573,27.1076,26.5537,26.57,43659944.6
20080501,0,26.7166,27.1157,26.5863,26.9854,49032754.3
20080502,0,27.2379,27.3845,27.018,27.1728,44615395.41
20080505,0,27.1728,27.1728,26.8469,27.0343,30480195.82
20080506,0,26.9365,27.0261,26.57,26.9203,45079681.37
20080507,0,26.8877,26.961,26.4723,26.5048,43437600.33
20080508,0,26.6515,26.7166,26.4315,26.5537,40367423.92
20080509,0,26.4397,26.5456,26.1464,26.2768,44815313.1
20080512,0,26.3256,26.4967,26.2279,26.4152,33720660.21
20080513,0,26.4886,26.6352,26.2768,26.3419,38740326.4
20080514,0,26.4071,26.6515,26.3908,26.4152,41113660.94
20080515,0,26.5944,26.6433,26.2035,26.3338,59938147.2
20080516,0,26.4315,26.4397,25.9835,26.1546,66143468.01
20080519,0,26.1709,26.6352,26.065,26.3664,65244223.2
20080520,0,26.2686,26.2849,25.6903,25.8125,74120963.1
20080521,0,25.8777,25.8858,25.1772,25.2342,107007773.1
20080522,0,25.2749,25.4541,25.0876,25.2505,56029474.75
20080523,0,25.2179,25.226,24.6233,24.7699,73074320.3999999
20080527,0,24.778,25.0794,24.5418,24.8025,70898071.5
20080528,0,24.9002,24.9898,24.55,24.8839,75383804
20080529,0,24.8025,25.2342,24.6477,24.9735,66349880.7
20080530,0,25.0794,25.1934,24.9002,24.9817,51530955.3
20080602,0,25.0142,25.1609,24.5825,24.778,59078385.2
20080603,0,24.8921,25.0876,24.6396,24.8595,60640688.6
20080604,0,24.8106,25.0305,24.6803,24.7617,52589100
20080605,0,24.8921,25.3645,24.8106,25.2912,53884455.8
20080606,0,25.0713,25.1364,24.4359,24.4441,79916627.6
20080609,0,24.5988,24.721,24.3382,24.4848,64281698.3
20080610,0,24.3789,25.0387,24.2567,24.721,57447656.3
20080611,0,24.7455,24.8025,24.2323,24.2812,76679657.3
20080612,0,24.4196,24.6884,23.5318,23.6458,111220527.1
20080613,0,23.9065,23.9472,23.206,23.7354,138311981.1
20080616,0,23.3363,23.825,23.1164,23.5562,95375889.3
20080617,0,23.768,23.8169,23.4341,23.5074,73358679.7
20080618,0,23.3526,23.4341,22.9372,23.0024,102134632
20080619,0,23.2003,23.4227,22.8956,22.9532,64841019.3
20080620,0,22.9615,23.0768,22.4591,22.5661,100090256
20080623,0,22.7144,22.8956,22.4673,22.5991,71271218.6
20080624,0,22.5414,22.945,22.4014,22.7309,65780058.5
20080625,0,22.8462,23.5874,22.772,23.0356,92294738.3
20080626,0,22.7144,22.7803,21.8331,21.8908,96372744.1
20080627,0,22.0555,22.0967,21.5367,21.6355,82593112.3
20080630,0,21.7014,22.039,21.6684,21.9155,74258262
20080701,0,21.7096,22.4097,21.6602,22.3108,101001723.1
20080702,0,22.3932,22.4508,21.8167,21.8167,65844661.3
20080703,0,22.0308,22.3108,21.8249,22.1379,46670439.604
20080707,0,22.3191,22.6238,22.1049,22.2779,88930661.1
20080708,0,22.3849,23.2497,22.3273,23.1426,101382338.8
20080709,0,23.1673,23.3403,22.3932,22.3932,74335024.8
20080710,0,22.6814,22.8214,22.2944,22.8132,91304595
20080711,0,22.665,23.2662,22.4838,22.7967,105919928
20080714,0,23.1673,23.1673,22.2532,22.3685,65214518.58
20080715,0,22.2779,22.4014,21.0837,21.9896,108976085.7
20080716,0,22.072,22.8873,21.759,22.8791,92596725.5
20080717,0,23.1426,23.4062,22.805,23.0191,83610343
20080718,0,23.1591,23.2168,22.7144,23.0603,59286545.5999999
20080721,0,23.1756,23.2085,22.7391,22.8214,47602902.51
20080722,0,22.912,23.4803,22.7309,23.4721,82996662.2
20080723,0,23.678,24.1886,23.5133,24.1804,89861810.6
20080724,0,24.5016,24.6169,23.6368,23.6615,68297965.9
20080725,0,23.8427,24.0733,23.3485,23.6862,52934454.1
20080728,0,23.5627,23.8427,22.7803,22.7885,54810694.9
20080729,0,22.8709,23.3732,22.8297,23.3568,49030501
20080730,0,23.6615,24.1721,23.5215,23.8097,62915225.8
20080731,0,23.6862,23.8509,23.3074,23.3485,58099608.9
20080801,0,23.4144,23.6368,23.1426,23.2085,37765923.68
20080804,0,23.1838,23.4144,22.8626,23.1838,41589435.16
20080805,0,23.3732,24.0898,23.3732,24.0651,58316678.2
20080806,0,24.0239,24.0321,23.6615,23.8756,43505347.91
20080807,0,23.6944,23.9498,23.4638,23.5791,45576592.9
20080808,0,23.538,24.4933,23.5297,24.3862,62103404.04
20080811,0,24.3945,25.0286,24.2709,24.6745,55614721.9
20080812,0,24.6416,24.8557,24.3533,24.518,42787178.3
20080813,0,24.3615,24.4274,23.9498,24.1968,43560003.24
20080814,0,23.9827,24.6169,23.8921,24.3204,40164534.81
20080815,0,24.4274,24.7486,24.3121,24.5345,45629621.41
20080818,0,24.6827,24.9628,24.0074,24.1804,47248094.77
20080819,0,24.0486,24.0898,23.3897,23.6533,47527620.7
20080820,0,23.6697,23.8262,23.1344,23.5956,45715774.61
20080821,0,23.3074,23.7356,23.225,23.6368,39372019.47
20080822,0,23.8097,24.0815,23.7603,23.9662,33421238.1
20080825,0,23.9003,23.9168,23.2085,23.3156,45283113.19
20080826,0,23.4638,23.4638,23.0273,23.2909,41201258.47
20080827,0,23.2826,23.5462,23.1097,23.225,37837396.57
20080828,0,23.3485,23.8097,23.3074,23.7356,36344385.92
20080829,0,23.7027,23.785,23.1262,23.1756,39908905.81
20080902,0,23.505,24.0074,23.4227,23.5133,59289733.6
20080903,0,23.4309,23.6286,23.3074,23.5297,41239155.2
20080904,0,23.3815,23.4638,22.7309,22.8544,66491121.6
20080905,0,22.6403,23.0026,22.5579,22.9615,57828621.9
20080908,0,23.785,24.0239,23.2662,23.9168,94995105.8
20080909,0,23.8509,24.1145,23.1426,23.2003,81576975.24
20080910,0,23.365,23.4144,22.8544,23.0768,62563274.81
20080911,0,22.7803,23.2168,22.1132,23.2168,88287908.9
20080912,0,22.8379,22.8462,21.6849,22.0061,180488278.6
20080915,0,20.466,21.4543,19.6918,20.2601,188542895.921
20080916,0,18.267,20.9437,18.2176,20.6801,198221276.5
20080917,0,19.7577,20.0789,18.3659,19.4777,252242836
20080918,0,19.7811,21.3085,18.5207,20.7743,236396314
20080919,0,24.3799,24.3799,21.3001,22.1932,230226833.2
20080922,0,22.8525,22.936,21.4086,21.9094,62012564.3
20080923,0,21.1666,21.4003,20.5823,20.8577,71760606.8
20080924,0,20.9329,20.9329,19.8729,20.4404,67647214.56
20080925,0,19.7477,21.9011,19.6141,21.6924,113151010.5
20080926,0,20.6658,21.5338,20.4655,21.4921,52295067.2
20080929,0,20.9663,21.4003,19.6225,20.1066,71786637.5
20080930,0,19.923,21.417,19.923,21.3585,74474112
20081001,0,20.0398,21.4921,19.1968,20.5322,205020347.6
20081002,0,19.0549,19.105,18.3371,18.5207,492783834
20081003,0,18.9548,19.1968,17.9365,17.9532,236795467.9
20081006,0,17.1436,18.2537,16.4341,18.2453,203088815
20081007,0,18.5959,18.9047,16.8515,16.9767,167959585.3
20081008,0,16.7012,18.3538,16.6094,17.2771,154159996.2
20081009,0,17.8614,18.045,15.8582,16.1086,135051264
20081010,0,15.6078,17.5108,15.3574,17.1937,177864714
20081013,0,18.5875,18.6376,16.985,17.828,146801327.5
20081014,0,18.6209,18.6877,16.4842,17.4023,173986849.6
20081015,0,17.0768,17.2437,15.9751,16.0001,122577896.4
20081016,0,16.2839,16.6595,15.2823,16.6428,170406141.1
20081017,0,16.1504,17.1352,15.9584,16.3674,139935803.7
20081020,0,16.9099,17.0017,16.2171,16.8348,106500559.8
20081021,0,16.6345,17.5526,16.6094,16.985,109357037
20081022,0,16.7263,16.8598,15.4409,15.8415,130774870.5
20081023,0,16.0585,16.0585,14.9986,15.683,172894713.6
20081024,0,14.5812,15.2156,14.4143,14.9234,141154512
20081027,0,15.057,15.733,14.623,14.8567,134042487.8
20081028,0,15.3324,16.2839,14.7982,16.2672,145855966.5
20081029,0,16.3089,16.6929,15.7915,15.7915,149762928.9
20081030,0,16.5176,16.6678,15.7998,16.0919,104828852.1
20081031,0,16.0836,16.5259,15.9584,16.3924,94666120.2
20081103,0,16.5093,16.5927,16.0252,16.1337,60639887.7
20081104,0,16.5593,17.5609,16.1086,17.4774,129380692.7
20081105,0,17.2688,17.5108,16.5259,16.5259,92314966.1
20081106,0,16.4842,17.2521,15.0236,15.2907,140170979
20081107,0,15.5411,15.9417,15.2573,15.6913,84441691.5
20081110,0,16.142,16.1837,15.1071,15.4326,83680185.3
20081111,0,15.2489,15.274,14.4894,14.84,120332793
20081112,0,14.5896,14.648,13.396,13.6214,203403310
20081113,0,13.7299,14.1055,12.1691,14.1055,345672409
20081114,0,13.7299,14.2641,13.3126,13.396,142148531.4
20081117,0,13.3209,13.7716,12.8535,13.4294,111475535.8
20081118,0,13.3793,13.6464,12.745,13.396,148327864.2
20081119,0,13.2625,13.5212,12.0606,12.094,209078650.2
20081120,0,11.7685,12.0606,10.4998,10.6918,270171246
20081121,0,11.3428,11.7351,10.6834,11.7184,195678687.2
20081124,0,12.2192,13.2792,11.902,12.8285,168426214.9
20081125,0,13.3042,13.4211,12.5697,13.1206,131853057.2
20081126,0,12.8869,13.563,12.6866,13.4712,92004322.5
20081128,0,13.7466,14.3809,13.5212,14.2641,69994595.2250001
20081201,0,13.6548,13.6715,12.8702,12.8869,111214135.5
20081202,0,13.4712,14.8483,13.1623,14.7732,247148975.7
20081203,0,14.2474,15.2406,14.0721,15.1905,177743864.1
20081204,0,14.8817,15.1989,14.2891,14.6313,126382895
20081205,0,14.5061,15.274,14.1723,15.2072,113656460.1
20081208,0,15.3741,16.1086,15.3157,15.733,133776880.4
20081209,0,15.2573,15.5745,14.6814,14.8233,120809771.9
20081210,0,15.0653,15.3992,14.7482,15.0403,73722339.5
20081211,0,14.5228,14.6981,14.1806,14.2474,80748895
20081212,0,13.8551,14.431,13.6882,14.2641,80057190
20081215,0,14.1472,14.2808,13.8885,14.1389,68157794.8
20081216,0,14.2974,15.1321,14.1973,15.0236,123777231.7
20081217,0,14.7064,14.9568,13.7549,14.4477,110242268.1
20081218,0,14.6397,14.6563,13.1623,13.2959,169862969.1
20081219,0,13.4461,13.8134,13.3543,13.7299,128249510.5
20081222,0,13.9052,13.9135,13.1456,13.4878,79178455.7
20081223,0,13.588,13.7716,13.4378,13.7215,73976217.8
20081224,0,13.7047,13.8068,13.5431,13.7132,27446086.31
20081226,0,13.6537,13.7217,13.424,13.5601,32777291.93
20081229,0,13.5686,13.6111,13.0582,13.2708,54835990.8
20081230,0,13.441,13.4835,13.2283,13.441,60859963.8
20081231,0,13.441,13.9004,13.4155,13.8238,60226321.3
20090102,0,14.079,14.4873,13.8408,14.4363,58717936.7
20090105,0,14.6064,14.666,14.0365,14.1215,77420026.3
20090106,0,14.3427,14.4448,14.0024,14.3257,77542031.7
20090107,0,14.2066,14.2066,13.6196,13.7132,71400706.6
20090108,0,13.6451,13.7813,13.3729,13.7557,66244347.2
20090109,0,13.7898,13.9429,13.4665,13.5856,57979985.96
20090112,0,13.5856,13.7813,13.3389,13.509,62863854.8
20090113,0,13.3389,13.3474,12.5222,12.6754,140875731.5
20090114,0,12.4116,12.4542,11.9267,11.9863,109572352.6
20090115,0,11.9778,12.0288,11.2717,11.6971,157741512.1
20090116,0,12.1309,12.199,11.1101,11.8587,136804952.3
20090120,0,11.8247,11.9863,10.8889,11.008,128473103.6
20090121,0,10.1063,11.2547,10.1063,11.1016,158957664.7
20090122,0,10.5486,11.5354,10.2679,11.4674,148411908
20090123,0,10.7698,11.2207,10.0977,10.2083,157133506
20090126,0,10.6337,10.7613,10.3359,10.5571,135878625.6
20090127,0,10.8208,11.2207,10.7613,11.1441,126337091.5
20090128,0,11.3227,11.6971,11.2037,11.5014,124016816.2
20090129,0,11.3313,11.3568,10.7953,10.8208,84886623.4
20090130,0,10.8293,10.8889,10.2168,10.2849,115436971.6
20090202,0,10.2339,10.2339,9.74045,9.86806,158236469.4
20090203,0,10.0977,10.1063,9.62986,9.68941,136760277.4
20090204,0,9.83403,10.0212,9.45973,9.59584,116390784.5
20090205,0,9.4257,9.59584,9.06841,9.20452,218055527.9
20090206,0,9.27257,9.74045,9.14497,9.43421,244845737.5
20090209,0,9.63837,10.974,9.45973,10.7868,265998836.6
20090210,0,10.6677,10.6677,9.66389,9.89358,210553729.7
20090211,0,10.1573,10.2509,9.96164,10.1573,99057324.8
20090212,0,9.93612,9.99566,9.52778,9.92761,147922981.9
20090213,0,9.83403,9.98716,9.65539,9.74045,89262881.3
20090217,0,9.52778,9.52778,9.11094,9.20452,149850194.5
20090218,0,9.4257,9.48525,9.08542,9.24705,106485825.9
20090219,0,9.56255,9.61509,8.71313,8.82697,171271436.3
20090220,0,8.50296,8.6168,7.86371,8.2315,359593639
20090223,0,8.38037,8.40664,7.68857,7.73236,244936897
20090224,0,7.8462,8.1089,7.38208,7.93376,282245679.1
20090225,0,7.98631,8.28404,7.62727,7.90749,203036827.7
20090226,0,8.12642,8.53799,7.88998,7.96879,170418094.3
20090227,0,7.53095,8.05636,7.35581,7.51343,343534514.8
20090302,0,7.25948,7.26824,6.57644,6.68153,327169654
20090303,0,6.86542,6.90921,5.99849,6.15611,456342299
20090304,0,6.34001,6.34876,5.01771,5.80583,835258783
20090305,0,5.91092,6.27871,5.70951,5.8934,480043947
20090306,0,6.12984,6.34876,5.83211,6.22617,349903866.5
20090309,0,6.08606,6.85666,6.02476,6.50639,293465267.8
20090310,0,7.01429,7.87247,6.96175,7.71484,397748952
20090311,0,8.07388,8.19647,7.277,7.44338,277589369.3
20090312,0,7.64479,8.56426,7.38208,8.31907,382079100
20090313,0,8.66934,8.7394,8.14393,8.43291,236959710.9
20090316,0,8.73064,9.07216,8.40664,8.45918,249404708
20090317,0,8.62556,8.8007,8.26653,8.74816,165283251.5
20090318,0,8.70437,9.36114,8.49421,9.06341,217447270.1
20090319,0,9.80774,9.9391,8.71313,8.80946,305195291.7
20090320,0,8.79194,8.87076,8.1089,8.31907,259335891.9
20090323,0,9.00211,9.15098,8.56426,9.08968,222550034.2
20090324,0,8.94957,9.55379,8.8007,9.01087,213513395.6
20090325,0,9.40493,9.71142,8.83573,9.2473,225874343.7
20090326,0,9.50125,9.63261,9.32611,9.53628,173860361
20090327,0,9.4312,9.65888,9.32611,9.41368,113524236.2
20090330,0,9.05465,9.78147,8.56426,8.68686,166737068.1
20090331,0,9.03714,9.15973,8.69562,8.87951,136658120.5
20090401,0,8.68686,8.98459,8.58178,8.87076,123122672.2
20090402,0,9.4312,9.63261,9.25606,9.38741,158474468.8
20090403,0,9.47498,9.62385,9.37866,9.55379,128800043
20090406,0,9.51877,9.83401,9.33487,9.79023,144386824.3
20090407,0,9.54504,9.55379,9.25606,9.29984,116796689.2
20090408,0,9.39617,9.4312,9.11595,9.3086,103223001.67
20090409,0,9.84277,10.1843,9.71142,10.0267,158732773.3
20090413,0,10.0179,10.8761,9.85153,10.6309,211948517
20090414,0,10.9374,10.9461,10.0004,10.0967,200536207.3
20090415,0,10.0705,10.4645,9.7552,10.3682,132542754.4
20090416,0,10.5608,10.8848,10.2543,10.7535,127413691
20090417,0,10.8586,11.1476,10.2894,10.8673,140172993
20090420,0,10.5871,10.6134,9.8165,9.92158,155412737.2
20090421,0,9.62385,10.412,9.50125,10.2281,134286314.9
20090422,0,10.2106,10.9286,10.088,10.3594,138690694.1
20090423,0,10.6484,10.6747,10.1318,10.4032,102364288
20090424,0,10.5171,10.8148,10.4645,10.5696,105431899.3
20090427,0,10.6221,10.8148,10.3769,10.5696,87274934.9
20090428,0,10.4733,10.7535,10.3156,10.4995,90930082.0999999
20090429,0,10.6484,11.0074,10.6046,10.6834,111271342.6
20090430,0,10.9637,11.2176,10.9637,11.0863,118380381.2
20090501,0,11.1563,11.2526,10.9461,11.1038,86058281.6
20090504,0,11.3402,11.5329,11.2176,11.4628,127231525.4
20090505,0,11.6029,11.8131,11.384,11.4628,115132163.6
20090506,0,11.8043,12.0845,11.6555,11.9707,140524398.4
20090507,0,12.5224,12.6012,12.0583,12.2684,151495319
20090508,0,12.5924,12.7413,12.3823,12.6975,136348042.9
20090511,0,12.5574,12.6275,12.3472,12.3998,90760183.8999999
20090512,0,12.4698,12.5311,11.6117,11.9619,130751400
20090513,0,11.5591,11.6029,11.1651,11.3227,113798998.4
20090514,0,11.1826,11.5416,10.9461,11.4103,93781447
20090515,0,11.4453,11.6117,11.1213,11.2439,88043529.3
20090518,0,11.4716,11.8218,11.454,11.8131,79166045.4
20090519,0,11.9444,12.2247,11.8131,11.9619,99810839.9
20090520,0,12.286,12.5924,12.0408,12.0495,125485886.7
20090521,0,11.8218,11.8481,11.4278,11.6117,112959279
20090522,0,11.7343,11.7343,11.4015,11.4716,58679646.8
20090526,0,11.4015,11.9182,11.2526,11.7343,103057285.8
20090527,0,11.7956,11.8218,11.2614,11.3752,113972488.4
20090528,0,11.5854,11.6905,11.2176,11.5591,89288296
20090529,0,11.673,11.8218,10.7009,11.8218,81179599.7899999
20090601,0,12.0933,12.2509,11.8306,12.1196,93991561.5
20090602,0,11.997,12.1283,11.8656,12.067,72174978.3
20090603,0,11.9795,11.997,11.6467,11.8218,69311718.8
20090604,0,11.9094,12.0408,11.7605,11.997,56601049.45
20090605,0,12.2159,12.2422,11.8306,11.8744,72586613.76
20090608,0,11.7868,11.9882,11.6817,11.8656,62934507.88
20090609,0,11.8744,11.9882,11.7343,11.9182,57545866.14
20090610,0,12.0057,12.0583,11.4891,11.7255,87408786.5
20090611,0,11.7605,12.0408,11.6817,11.7605,77182698.2
20090612,0,11.7781,11.8393,11.6379,11.8306,58568061.55
20090615,0,11.6467,11.6992,11.3927,11.4978,79498302.7
20090616,0,11.5241,11.5854,11.1388,11.1738,94653255.8
20090617,0,11.1213,11.1476,10.6309,10.7009,140886164.6
20090618,0,10.7537,10.8155,10.118,10.5683,191304487.5
20090619,0,10.7007,10.8332,10.533,10.6566,128868953.3
20090622,0,10.48,10.6831,10.1533,10.1798,106216444.9
20090623,0,10.1887,10.2946,9.93261,10.2328,88792674.1
20090624,0,10.3917,10.6213,10.2593,10.3299,88774897.4
20090625,0,10.2505,10.533,10.171,10.48,78985991.1
20090626,0,10.5065,10.5948,10.3299,10.3476,67721441.81
20090629,0,10.4182,10.4447,10.2769,10.3741,56053849.2
20090630,0,10.4535,10.5418,10.1975,10.3387,85359680.5
20090701,0,10.3829,10.5065,10.2769,10.3917,66663013.8200001
20090702,0,10.2769,10.4005,10.1445,10.1798,74988699.4
20090706,0,10.0386,10.171,9.95027,10.1622,70135287.45
20090707,0,10.1268,10.1887,9.67657,9.6854,105292871.7
20090708,0,9.70306,9.76486,9.27044,9.46467,148826843.8
20090709,0,9.65891,9.70306,9.34107,9.57945,88812982.4
20090710,0,9.49116,9.57945,9.35873,9.51765,73205357.2
20090713,0,9.61477,10.1533,9.59711,10.0915,106984782.6
20090714,0,10.2063,10.3564,10.118,10.3034,76231241.1
20090715,0,10.5153,10.842,10.4712,10.7978,96724583.6
20090716,0,10.6566,11.0362,10.5065,10.9303,86727855
20090717,0,10.5153,10.5771,10.1975,10.3034,120231271
20090720,0,10.3299,10.533,10.224,10.2946,99802437.0999999
20090721,0,10.4005,10.427,9.99441,10.1092,107019474.8
20090722,0,10.0297,10.3652,9.93261,10.2681,83819854.17
20090723,0,10.2858,10.6654,10.2151,10.5153,103713866.6
20090724,0,10.5153,10.6301,10.4005,10.6301,64765250.14
20090727,0,10.7449,10.9303,10.6654,10.8861,81189682.4
20090728,0,10.8155,11.2128,10.7537,11.0627,114854616.3
20090729,0,10.9833,10.9833,10.6919,10.8243,85013607.6
20090730,0,11.4865,11.8044,11.4247,11.6013,177801500.1
20090731,0,11.6807,11.875,11.6101,11.8397,113289243
20090803,0,12.0516,12.2193,11.875,12.1222,107588083.5
20090804,0,12.0604,12.1928,11.822,12.184,124751990.8
20090805,0,12.2281,12.4489,12.2105,12.3606,106814686.9
20090806,0,12.5195,12.7402,12.3782,12.6608,129574047.8
20090807,0,12.8285,13.1375,12.7049,12.9963,102793160.9
20090810,0,12.908,13.0934,12.7049,12.8638,90020004.4
20090811,0,12.7491,12.7932,12.2458,12.3518,110637990.1
20090812,0,12.184,12.6608,12.0781,12.4754,99954968.2
20090813,0,12.6961,12.7314,12.3076,12.4489,87972090.5
20090814,0,12.4577,12.493,12.1575,12.2723,66459033.6
20090817,0,11.7867,11.8485,11.6189,11.8044,84350237.5
20090818,0,11.9368,12.0516,11.875,11.9809,63893658.6
20090819,0,11.769,12.0251,11.7337,11.928,64632725.3
20090820,0,12.0604,12.2546,11.9809,12.2017,68074545.9
20090821,0,12.5018,12.6078,12.3606,12.5372,91942104.3
20090824,0,12.6784,12.802,12.4047,12.5283,87620593
20090825,0,12.5548,12.7491,12.5283,12.6078,79982061.8
20090826,0,12.5636,12.6255,12.3429,12.44,72120620.5
20090827,0,12.4577,12.5813,12.2635,12.5372,68798936.6
20090828,0,12.6696,12.6873,12.2635,12.44,71033417.4000001
20090831,0,12.2988,12.3429,12.1399,12.237,66152741.2
20090901,0,12.1222,12.2546,11.7337,11.7867,106711667.4
20090902,0,11.6631,11.7602,11.5042,11.6543,76183999.23
20090903,0,11.7867,11.9015,11.7337,11.8573,57444207.31
20090904,0,11.9015,12.2723,11.7426,12.2635,82164824.82
20090908,0,12.8197,12.9698,12.2458,12.7667,145901695.6
20090909,0,13.0581,13.27,12.8991,13.1199,162675649.1
20090910,0,13.1728,13.1905,12.8197,13.0581,119716815.8
20090911,0,13.1287,13.2258,12.9168,12.9433,105541760.2
20090914,0,12.8462,13.6055,12.7137,13.5878,152888711.9
20090915,0,13.6761,14.2588,13.6673,14.144,225580618.7
20090916,0,14.4795,15.1682,14.4177,14.9828,281422243.5
20090917,0,15.0714,15.5599,14.5208,14.8316,270975185.2
20090918,0,14.9915,14.9915,14.5919,14.6718,126640707.9
20090921,0,14.583,15.0004,14.4053,14.8849,114459441.1
20090922,0,15.1425,15.2668,15.0182,15.0803,99804656.4
20090923,0,15.2491,15.5421,15.0537,15.0892,141671547.8
20090924,0,15.1514,15.2491,14.5119,14.734,131722960.5
20090925,0,14.5208,14.7162,14.2632,14.5297,110552280
20090928,0,14.6274,15.0182,14.583,14.8938,78623091.4
20090929,0,15.0182,15.178,14.805,14.8405,87434810.6999999
20090930,0,14.9471,14.9737,14.4853,14.5563,121357498.9
20091001,0,14.4942,14.5563,14.1922,14.1922,119158681.2
20091002,0,13.7215,14.2632,13.4551,13.6238,133945443.1
20091005,0,13.8369,14.13,13.7748,14.0323,79447500.1
20091006,0,14.3343,14.5652,14.21,14.281,100095254.7
20091007,0,14.2455,14.4942,14.13,14.3609,63961761.78
20091008,0,14.6274,14.6984,14.3876,14.4142,80308884.1
20091009,0,14.3876,14.5386,14.2988,14.3609,73664224.74
20091012,0,14.5297,14.6451,14.4498,14.503,58616686.8
20091013,0,14.4942,14.6895,14.2721,14.5652,71534786
20091014,0,14.8938,14.9826,14.7073,14.9293,96293002.5
20091015,0,14.9116,14.956,14.6363,14.8938,79794382
20091016,0,14.5208,14.5741,14.0767,14.2632,130578171
20091019,0,14.2632,14.3254,14.0323,14.0412,105584807.5
20091020,0,14.0235,14.0501,13.7393,13.8281,107961338.4
20091021,0,13.7748,14.1656,13.7659,13.8103,100153618.8
20091022,0,13.7659,13.8369,13.4195,13.606,131683255
20091023,0,13.6504,13.6771,13.4195,13.4906,89924638.3
20091026,0,13.535,13.7215,13.1709,13.3041,104960336.7
20091027,0,13.384,13.4462,13.1975,13.2597,93404839.3
20091028,0,13.1176,13.162,12.7446,12.8245,114576065.8
20091029,0,12.9133,13.313,12.8423,13.1886,84552445.3
20091030,0,13.2597,13.2685,12.5669,12.6824,129197929.8
20091102,0,12.7002,12.9577,12.6025,12.8778,107071330.3
20091103,0,12.6113,12.8511,12.5847,12.6824,82791439.9
20091104,0,12.8245,12.9577,12.5669,12.5936,84677313.73
20091105,0,12.6824,12.9222,12.6202,12.8245,74008403.35
20091106,0,13.3041,13.757,13.1709,13.6327,170862045.9
20091109,0,13.9524,14.1389,13.8547,14.0767,108743070.4
20091110,0,14.1656,14.2011,13.7481,14.0057,78624695.4
20091111,0,14.1567,14.1833,13.8991,14.0501,73820968.4
20091112,0,14.0323,14.1567,13.908,14.0057,70925431.38
20091113,0,13.9968,14.0323,13.8192,13.9169,70137320.7
20091116,0,14.0235,14.3787,14.0057,14.2277,102399863.6
20091117,0,14.1744,14.281,14.1123,14.2277,55081870.7
20091118,0,14.2188,14.3343,14.1211,14.2721,49856181.55
20091119,0,14.1478,14.1744,13.8281,13.9968,74297098.3
20091120,0,13.9169,13.9613,13.686,13.8458,67876510.8
20091123,0,14.0679,14.2455,13.8458,14.2277,77077867.7
20091124,0,14.281,14.3876,14.1389,14.3165,85502578.2
20091125,0,14.432,14.432,14.2455,14.3609,50606783.64
20091127,0,13.757,14.3876,13.5883,14.1744,67327479.186
20091130,0,14.0501,14.2632,13.9702,14.2455,67356205.46
20091201,0,14.4586,14.5208,14.1744,14.3609,103294501.1
20091202,0,14.3254,14.4053,14.1744,14.2544,67633502
20091203,0,14.3165,14.4853,14.21,14.2188,79465009
20091204,0,14.5208,14.6451,14.2632,14.3965,93718765.9
20091207,0,14.2721,14.4231,14.2188,14.2988,63952323.6
20091208,0,14.1211,14.1478,13.8991,13.9524,83446289.9
20091209,0,13.9702,14.0235,13.7126,13.8725,60898190.93
20091210,0,14.0412,14.0767,13.8103,13.8369,58303116.3
20091211,0,13.9613,14.21,13.9346,14.13,57582038.9
20091214,0,14.1922,14.2721,14.1389,14.1833,46277204.49
20091215,0,14.059,14.2277,13.8991,13.9879,84916841.1
20091216,0,14.0323,14.0767,13.908,13.9524,63236593.5
20091217,0,13.8458,14.1656,13.8103,14.0501,69544594.59
20091218,0,14.13,14.13,13.8547,13.8636,71002184
20091221,0,13.9346,14.0235,13.8014,13.8281,55019544.6
20091222,0,13.8192,13.9346,13.7037,13.7393,51317364.3
20091223,0,13.8196,13.8375,13.623,13.775,44005590.1
20091224,0,13.7481,13.8375,13.7303,13.7839,20580227.408
20091228,0,13.7481,13.7928,13.6409,13.7034,45554284.6
20091229,0,13.7392,13.8822,13.6319,13.8107,50618386.5
20091230,0,13.6856,13.7392,13.5694,13.7034,43673160.2
20091231,0,13.6498,13.7124,13.5425,13.5425,41936373.7
20100104,0,13.6051,13.9806,13.5425,13.8196,70697331.4
20100105,0,13.8196,14.0074,13.8107,13.8733,68247567
20100106,0,13.8822,13.9627,13.8018,13.8196,58211597.9
20100107,0,13.8286,14.7314,13.7928,14.5258,194785175.2
20100108,0,14.5795,14.9191,14.5437,14.8476,123131657
20100111,0,15.0443,15.089,14.7851,14.9907,82617678.4
20100112,0,14.8208,15.0532,14.8119,14.9996,67886563.1
20100113,0,14.9638,15.1247,14.8119,15.0532,67624775.22
20100114,0,15.0085,15.08,14.9102,14.9281,55064246.6
20100115,0,14.9013,14.9728,14.6152,14.7046,75923753.4
20100119,0,14.6242,14.9728,14.6063,14.7851,59959188.3
20100120,0,14.7493,14.9102,14.5973,14.7493,69292862.2
20100121,0,14.7046,14.7314,14.2577,14.3113,94288078
20100122,0,14.794,14.9817,14.3828,14.4007,121921758
20100125,0,14.7225,14.7761,14.499,14.642,78754639.3
20100126,0,14.5973,14.9281,14.5348,14.6242,82430331.1
20100127,0,14.5616,14.651,14.3292,14.5705,83063103.52
20100128,0,14.6867,14.7046,14.3113,14.4454,82773515.3
20100129,0,14.499,14.7493,14.3649,14.3739,80985194.9
20100201,0,14.4811,14.6063,14.3917,14.5258,59062236.34
20100202,0,14.5437,15.1516,14.5169,15.0711,113060828.3
20100203,0,15.0175,15.2231,14.8566,14.9102,74485206.44
20100204,0,14.7493,14.7493,14.3113,14.3292,114421782.4
20100205,0,14.3292,14.4722,13.6319,14.1325,152398486.8
20100208,0,14.1504,14.1593,13.8286,13.9359,71392685.9
20100209,0,14.0878,14.204,13.7928,13.9359,104218931.6
20100210,0,13.918,14.1861,13.8554,14.0163,72964431.7
20100211,0,13.9627,14.0968,13.8375,14.0878,68301846.39
20100212,0,13.9359,14.0789,13.7213,13.8912,72968568.23
20100216,0,14.0431,14.4096,14.0163,14.347,68148107.5
20100217,0,14.4633,14.499,14.3381,14.4364,64080181.85
20100218,0,14.3917,14.5616,14.3739,14.5169,49737767.99
20100219,0,14.4186,14.5258,14.3024,14.4454,68234995.2700001
20100222,0,14.5079,14.6063,14.4454,14.5079,44811299
20100223,0,14.4633,14.5884,14.1683,14.2308,64032587.0399999
20100224,0,14.2755,14.4275,14.1951,14.4186,54500940.9
20100225,0,14.1847,14.3467,14.1308,14.3197,67210666.96
20100226,0,14.3916,14.5265,14.3467,14.4816,57372820.17
20100301,0,14.4726,14.5265,14.2387,14.2927,63889933.28
20100302,0,14.3197,14.3467,14.2297,14.2927,51555309.27
20100303,0,14.3736,14.6525,14.2567,14.4366,89386314.31
20100304,0,14.4546,14.5355,14.3646,14.4906,47719557.02
20100305,0,14.5715,14.7244,14.5265,14.6795,65287180.33
20100308,0,14.7334,14.8144,14.6075,14.6345,55961499
20100309,0,14.6435,14.9493,14.6165,14.8324,85979390.9
20100310,0,14.8324,14.9403,14.7694,14.8683,70999365.11
20100311,0,14.8414,14.8863,14.6795,14.8054,61098358.35
20100312,0,14.9133,15.3271,14.8234,15.3271,115898215.91
20100315,0,15.3091,15.6059,15.2371,15.543,123982216
20100316,0,15.7318,16.3345,15.6959,16.3075,237586384.4
20100317,0,16.4874,16.5504,16.1636,16.2086,171415195
20100318,0,16.2715,16.4244,16.1096,16.3705,94217707.5
20100319,0,16.4784,16.4964,16.1276,16.2266,113688509.9
20100322,0,16.0647,16.3075,16.0107,16.2625,67126095.27
20100323,0,16.3345,16.5953,16.3255,16.4964,116073637.5
20100324,0,16.5144,17.0361,16.4334,16.6043,132076836.9
20100325,0,16.8202,16.8742,16.4244,16.4514,103834035.66
20100326,0,16.4784,16.7572,16.3525,16.4964,89380753.9
20100329,0,16.6583,16.6943,16.3795,16.5504,79005916.3999999
20100330,0,16.6133,16.6223,16.4154,16.4334,55800766.42
20100331,0,16.3795,16.5144,16.2985,16.3615,55008771.05
20100401,0,16.4334,16.5504,16.3525,16.4784,46549803.05
20100405,0,16.5684,16.7752,16.4874,16.6763,57220640.46
20100406,0,16.5953,16.7752,16.5594,16.7393,53299266.38
20100407,0,16.7033,16.8652,16.5414,16.6313,63781940.36
20100408,0,16.5414,16.7752,16.3795,16.7123,63888991.58
20100409,0,16.7213,16.7932,16.5504,16.6313,54802049.83
20100412,0,16.6943,17.0721,16.6763,16.8472,76246393.58
20100413,0,16.8652,17.207,16.8382,17.0451,99961623.7
20100414,0,17.2789,17.4498,17.0361,17.4049,85416724.9
20100415,0,17.4948,17.7107,17.4229,17.4948,102292937
20100416,0,17.4768,17.4948,16.7752,17.0721,123834054
20100419,0,16.7662,17.0631,16.7662,17.0361,82510963.1
20100420,0,17.126,17.27,17.0811,17.0811,58724966.1
20100421,0,17.18,17.252,16.9911,17.108,61799191.87
20100422,0,17.0091,17.099,16.7393,17.0631,77311098.32
20100423,0,16.9641,17.18,16.9102,17.144,58409868.56
20100426,0,17.261,17.4229,17.18,17.3419,60816684.97
20100427,0,17.3059,17.5308,16.7213,16.8292,113045571.9
20100428,0,16.7932,17.171,16.7752,17.0271,88759989.23
20100429,0,17.126,17.5218,17.117,17.5128,72472165.3
20100430,0,17.5038,17.7197,16.9012,16.9821,113730313
20100503,0,17.0631,17.3959,17.0541,17.3239,59664336.21
20100504,0,17.162,17.162,16.5054,16.6853,96387087.1
20100505,0,16.3885,16.6313,16.1276,16.2715,111999764.2
20100506,0,16.1906,16.3255,13.4921,15.5789,192384892.9
20100507,0,15.7318,15.9117,14.8594,15.1742,174258616
20100510,0,16.2266,16.5234,16.0826,16.2355,137723820.3
20100511,0,16.0557,16.4964,16.0287,16.1996,88035307.9
20100512,0,16.2715,16.6403,16.2535,16.5953,70503017.3
20100513,0,16.5594,16.5774,16.1546,16.2625,66134775.0100001
20100514,0,16.1636,16.2355,15.6599,15.8308,84722842.8
20100517,0,15.8488,15.9387,15.3721,15.7858,73698557.3
20100518,0,15.9387,16.0736,15.3361,15.498,81004537.19
20100519,0,15.3541,15.6329,15.0662,15.525,145439103.5
20100520,0,15.1202,15.1382,14.6165,14.6345,161964560.7
20100521,0,14.1308,14.7784,14.0498,14.7694,151726187.1
20100524,0,14.6795,14.7424,14.3646,14.4006,77353761.7
20100525,0,13.9419,14.4006,13.717,14.3467,129974292
20100526,0,14.7064,14.8414,14.3646,14.3916,85167219.8
20100527,0,14.7694,14.9853,14.5176,14.9763,69807255.3
20100528,0,14.9853,15.0123,14.5355,14.7154,69036019.5
20100601,0,14.6075,14.8504,14.3287,14.3646,73561490.6
20100602,0,14.5445,14.7244,14.3467,14.7154,63501125.28
20100603,0,14.7604,14.8234,14.5985,14.7964,54146583.35
20100604,0,14.4546,14.4636,13.9959,14.0948,117204260.6
20100607,0,14.1488,14.1668,13.825,13.8519,71201461.1
20100608,0,13.9059,13.9869,13.5371,13.9239,93462990.9
20100609,0,14.0138,14.1218,13.6271,13.807,68884785.17
20100610,0,14.0228,14.2747,13.9599,14.1308,80453788.62
20100611,0,13.9689,14.0408,12.8895,13.9869,74823612.1
20100614,0,14.1937,14.2837,13.807,13.816,77615017.9
20100615,0,13.9599,14.2567,13.816,14.2027,81881038.1
20100616,0,14.1218,14.4726,14.0498,14.2477,91254144.5699999
20100617,0,14.3653,14.4196,14.1662,14.4106,57457482.52
20100618,0,14.483,14.5283,14.2839,14.4468,58740543.6
20100621,0,14.6821,14.8903,14.5102,14.5826,75932084.67
20100622,0,14.5645,14.6369,14.2748,14.311,66064472.96
20100623,0,14.2658,14.3834,13.9218,13.9308,100769430.7
20100624,0,13.9218,13.9851,13.5778,13.6321,93495990.2
20100625,0,13.6864,13.7136,13.4149,13.5416,97225430.91
20100628,0,13.5416,13.7679,13.4963,13.5959,60868550.17
20100629,0,13.3515,13.3877,12.917,13.1071,115259607.7
20100630,0,13.0981,13.2972,12.9894,13.0528,79932000.1
20100701,0,12.9713,13.0619,12.5459,12.7722,109355934.4
20100702,0,12.8175,12.908,12.4463,12.5549,79151023.31
20100706,0,12.7722,12.9532,12.5006,12.6274,77974876.65
20100707,0,12.6545,13.27,12.6364,13.2338,92916556.6
20100708,0,13.4692,13.7317,13.1886,13.4058,92523001.39
20100709,0,13.5325,13.5688,13.3515,13.5325,47381341.04
20100712,0,13.4873,13.5688,13.3787,13.5325,38778550.06
20100713,0,13.777,13.8946,13.7226,13.7679,59837312.9
20100714,0,13.8132,13.8494,13.6321,13.7588,46636508.82
20100715,0,13.7226,13.8313,13.4692,13.786,82101366
20100716,0,13.5778,13.6321,13.1252,13.1524,98093920
20100719,0,13.2519,13.3425,13.0981,13.2429,48744036.8
20100720,0,12.9985,13.5869,12.9985,13.5144,68810471.28
20100721,0,13.6774,13.7588,13.2519,13.4149,66968003.46
20100722,0,13.6502,13.8403,13.5507,13.7498,64075206.32
20100723,0,13.7679,14.3472,13.605,14.2114,116122348.75
20100726,0,14.4015,14.6278,14.2114,14.6007,83003861.7
20100727,0,14.7546,14.999,14.5735,14.6459,72867566.3
20100728,0,14.5735,14.6459,14.4377,14.5283,52657476.81
20100729,0,14.6188,14.7002,14.4287,14.5916,66460092.73
20100730,0,14.4106,14.7002,14.4015,14.6188,59860785.53
20100802,0,14.7727,14.9084,14.7455,14.8541,68207453.48
20100803,0,14.836,14.9537,14.8089,14.827,56631970.67
20100804,0,14.8541,14.9446,14.8179,14.9446,47042278.97
20100805,0,14.7998,14.9718,14.7274,14.9446,48074005.97
20100806,0,14.7727,14.8903,14.5645,14.8903,61279005.48
20100809,0,14.8632,14.8994,14.6821,14.8179,40458675.51
20100810,0,14.655,14.7908,14.4468,14.7093,54081430.83
20100811,0,14.4649,14.5102,14.0666,14.2114,77840153
20100812,0,13.958,14.2114,13.8856,14.0214,59378766.52
20100813,0,13.8856,14.0485,13.8856,13.9308,40912697.25
20100816,0,13.8403,14.0214,13.7136,14.0032,59497506.2
20100817,0,14.1752,14.2476,14.0304,14.1028,53486831.05
20100818,0,14.1028,14.2476,14.0395,14.2205,40195008.73
20100819,0,14.0847,14.1571,13.6231,13.7951,82962237.7
20100820,0,13.7407,13.7407,13.4782,13.614,66271989.05
20100823,0,13.786,13.8222,13.442,13.4782,57214094.69
20100824,0,13.3515,13.3515,13.0437,13.1705,82034574.48
20100825,0,13.089,13.2881,12.8989,13.2157,72303058.85
20100826,0,13.27,13.4058,13.0709,13.1071,59652542.61
20100827,0,13.2248,13.3606,13.0075,13.3244,47484644.47
20100830,0,13.2791,13.3244,13.1433,13.1524,36003873.36
20100831,0,12.9985,13.1976,12.9532,13.1071,53774766.08
20100901,0,13.3334,13.6683,13.2157,13.5959,77703486.62
20100902,0,13.6683,13.7588,13.5235,13.6955,55174373.93
20100903,0,13.9308,14.0847,13.7498,13.9399,59531887.54
20100907,0,13.8313,14.0304,13.7679,13.9761,51139938.67
20100908,0,13.9308,14.2929,13.8675,14.2024,70750780.98
20100909,0,14.4015,14.483,14.3201,14.4106,59301736.61
20100910,0,14.4468,14.5554,14.311,14.4649,47728815.03
20100913,0,14.655,14.7636,14.5283,14.7002,54577802.29
20100914,0,14.6459,14.7365,14.5464,14.6459,49213701.16
20100915,0,14.5464,14.9084,14.4558,14.7998,66189338.88
20100916,0,14.7543,14.9002,14.6905,14.809,46079430.37
20100917,0,14.8728,14.9731,14.6631,14.8637,68924614.75
20100920,0,14.8364,15.1373,14.7999,15.0917,46842071.8
20100921,0,15.0643,15.2285,14.9731,15.0734,56064114.64
20100922,0,15.0552,15.2011,14.9549,15.037,47850777.71
20100923,0,14.8364,14.9458,14.6357,14.7087,54231280.46
20100924,0,14.8911,15.192,14.8637,15.1738,83826809.76
20100927,0,15.1738,15.1829,14.9549,14.9823,40770037.82
20100928,0,14.9823,15.0643,14.7178,15.0005,55183488.13
20100929,0,14.9275,15.0096,14.809,14.9002,44518886.44
20100930,0,15.0096,15.2193,14.7269,14.8364,56197115.33
20101001,0,14.9549,15.0734,14.8272,14.9184,49783079.18
20101004,0,14.8637,14.9275,14.5901,14.6631,46611280.44
20101005,0,14.8181,15.119,14.7634,15.0734,61808209.77
20101006,0,15.0461,15.502,15.0096,15.3926,75151558.76
20101007,0,15.502,15.6115,15.3652,15.5567,60125569.19
20101008,0,15.6206,15.7665,15.5294,15.6206,51523365.18
20101011,0,15.7209,15.7391,15.4291,15.4473,51087856.12
20101012,0,15.4747,15.7756,15.4473,15.6844,64646752.86
20101013,0,15.7574,15.9489,15.6662,15.7574,62603675.47
20101014,0,15.8577,15.8577,15.4747,15.6388,56332466
20101015,0,15.3105,15.3105,14.7269,14.8819,130619091
20101018,0,14.8637,14.9002,14.6813,14.8181,69674238.23
20101019,0,14.7178,14.8272,14.5628,14.6449,75572327.47
20101020,0,14.7634,14.7725,14.4716,14.6357,69776735.2
20101021,0,14.6722,14.9275,14.6084,14.6813,61902362.27
20101022,0,14.6905,14.7725,14.581,14.6357,31800870.62
20101025,0,14.8181,14.8819,14.6449,14.6449,53856719.88
20101026,0,14.6449,14.8819,14.6175,14.7543,50311119.95
20101027,0,14.6449,14.7816,14.5537,14.6905,51617767.19
20101028,0,14.7908,14.8637,14.6175,14.6631,45907748.62
20101029,0,14.654,14.7087,14.5719,14.6084,35726325.74
20101101,0,14.6722,14.7543,14.4807,14.5263,54782792.96
20101102,0,14.5993,14.654,14.4807,14.5354,50528738.66
20101103,0,14.5537,14.6813,14.4625,14.6357,69204828.82
20101104,0,14.7725,15.1282,14.7543,15.0552,86250596.6
20101105,0,15.0643,15.3744,15.0552,15.2649,70887163.78
20101108,0,15.1555,15.3561,15.1555,15.2102,47169473.05
20101109,0,15.3379,15.3379,15.0826,15.1464,49572969.38
20101110,0,15.1738,15.2011,14.9275,15.0826,51106853.5
20101111,0,14.9914,15.0643,14.7908,14.9002,46070999.34
20101112,0,14.8181,14.9458,14.6905,14.809,48065066.08
20101115,0,14.7999,14.9823,14.7543,14.7816,38740025.06
20101116,0,14.7269,14.736,14.3257,14.4534,70861805.6
20101117,0,14.4716,14.5172,14.3713,14.426,35008921.52
20101118,0,14.5993,14.7725,14.5628,14.6266,48672875.99
20101119,0,14.654,14.7999,14.5354,14.7634,48298675.08
20101122,0,14.7178,14.7178,14.3895,14.6084,66674006.67
20101123,0,14.4351,14.4898,14.2528,14.3531,55687252.09
20101124,0,14.4169,14.5719,14.3895,14.5446,40526286.35
20101126,0,14.3895,14.4807,14.3622,14.4351,18971593.26
20101129,0,14.3348,14.6357,14.2983,14.5628,58208519.55
20101130,0,14.3531,14.5446,14.3348,14.4534,48910388.18
20101201,0,14.6175,14.8637,14.6175,14.8546,66911358.36
20101202,0,14.8546,15.2102,14.8455,15.2102,80843743.5
20101203,0,15.037,15.3197,15.0096,15.3014,49997670.95
20101206,0,15.2376,15.3744,15.1646,15.2376,45362031.83
20101207,0,15.4291,15.7574,15.3926,15.5203,99160840.5
20101208,0,15.5112,15.6206,15.3744,15.5385,48462297.68
20101209,0,15.6935,15.7209,15.5476,15.6115,38107860.4
20101210,0,15.7026,16.3045,15.6844,16.1677,128210751.6
20101213,0,16.3227,16.3227,16.0036,16.0674,67049147.34
20101214,0,16.1039,16.3227,16.0309,16.1404,79273253.94
20101215,0,16.0856,16.1495,15.8394,15.9671,68756965.27
20101216,0,15.9853,16.2771,15.9306,16.2042,52959614.88
20101217,0,16.1677,16.2042,16.0218,16.1495,61304951.1899999
20101220,0,16.2042,16.2315,16.0948,16.1495,38305348.3
20101221,0,16.2133,16.4413,16.1768,16.3318,42052352
20101222,0,16.3871,16.6168,16.3779,16.5984,43287322.6
20101223,0,16.5433,16.6812,16.5249,16.5709,31365972.72
20101227,0,16.4698,16.7547,16.4698,16.7363,33877132.68
20101228,0,16.7363,16.9201,16.6904,16.8466,42483982.71
20101229,0,16.8834,16.9936,16.8006,16.8006,33803516.42
20101230,0,16.8006,16.865,16.6904,16.7363,29216474.13
20101231,0,16.6812,16.865,16.6628,16.819,24809043.07
20110103,0,16.9936,17.0028,16.7455,16.7915,50256656.66
20110104,0,16.865,17.0856,16.6536,17.0856,72987802.35
20110105,0,17.0212,17.205,16.9293,17.1407,53135271.5
20110106,0,17.1775,17.205,16.9293,17.058,39411862.3
20110107,0,17.058,17.1499,16.7271,16.9477,57845133.07
20110110,0,17.1039,17.2326,16.9661,17.012,61237367.99
20110111,0,17.1867,17.2877,17.012,17.1131,44665776.18
20110112,0,17.0672,17.2142,16.9845,17.1499,54791815.5
20110113,0,17.2142,17.2786,17.058,17.0947,45073566.38
20110114,0,17.1039,17.3153,17.0488,17.2877,41540586.91
20110118,0,17.444,17.4532,17.058,17.0764,64535277.73
20110119,0,17.1039,17.1315,16.7179,16.819,83402760.7
20110120,0,16.9661,17.0856,16.6995,16.9477,65426255
20110121,0,17.7657,18.3539,17.6921,18.1425,129783771
20110124,0,18.3263,18.4917,18.1425,18.3998,101555958.7
20110125,0,18.3631,18.6388,18.1976,18.3539,101133161.4
20110126,0,18.5469,18.5653,18.2895,18.3355,68533461.1
20110127,0,18.3447,18.6847,18.2895,18.6388,67929018.52
20110128,0,18.7399,19.0616,18.4917,18.5561,106156241.6
20110131,0,18.5009,18.648,18.4734,18.5377,47833323.02
20110201,0,18.7307,19.2086,18.6572,19.1167,68945635.7
20110202,0,19.1443,19.2638,18.9788,19.0156,42706377.27
20110203,0,18.9788,19.0891,18.7675,19.0616,42091435.59
20110204,0,19.1075,19.1167,18.7491,18.8869,42684976.7
20110207,0,19.0983,19.3005,19.0524,19.181,46570743.23
20110208,0,19.2638,19.5854,19.2178,19.5395,55713074.7
20110209,0,19.5762,19.6957,19.3557,19.5854,62212157.32
20110210,0,19.4568,19.5854,19.2454,19.5303,48039667.66
20110211,0,19.3373,19.7049,19.3281,19.6038,41173308.18
20110214,0,19.7692,19.8979,19.7141,19.7692,42237550.79
20110215,0,19.7141,19.7509,19.5119,19.7233,38676550.65
20110216,0,19.6773,19.7509,19.5303,19.6957,39620311.39
20110217,0,19.5579,19.8336,19.5395,19.7876,36277378.78
20110218,0,19.7876,19.852,19.5762,19.7049,44857642.72
20110222,0,19.2086,19.4935,18.988,19.1259,71376952.9
20110223,0,18.8686,19.0156,18.455,18.7307,85576604.1
20110224,0,18.6197,19.1102,18.6012,19.0454,65970627.61
20110225,0,19.1565,19.323,18.9714,19.3045,43721405.43
20110228,0,19.3878,19.4989,19.2675,19.3693,37321495.01
20110301,0,19.5544,19.5914,18.74,18.7493,61914094
20110302,0,18.6752,19.1009,18.6567,18.8233,49868312.55
20110303,0,19.323,19.3693,19.1565,19.2027,46548679.32
20110304,0,19.2953,19.3045,18.6845,18.8603,53533719.9
20110307,0,18.8788,19.0547,18.5179,18.8603,68475936.7
20110308,0,18.8973,19.2397,18.7493,19.0732,51019588.1
20110309,0,19.0454,19.1657,18.7863,19.1009,51820490.56
20110310,0,18.7678,18.9991,18.5364,18.6012,81099115.2
20110311,0,18.4624,18.9529,18.4531,18.8233,54137393.76
20110314,0,18.4716,18.5919,17.9997,18.4254,93428350.8
20110315,0,17.4352,18.2866,17.2131,18.1755,133578485.2
20110316,0,17.9349,18.0552,17.3148,17.537,134741960.9
20110317,0,17.8423,18.1662,17.5832,17.7961,81664287.4
20110318,0,18.194,18.2773,17.7868,17.8146,77935135
20110321,0,18.2125,18.3236,18.0922,18.2588,52690058.7
20110322,0,18.3051,18.3051,18.0182,18.0182,47148911.4
20110323,0,17.9997,18.1015,17.8146,18.0737,45201857.9
20110324,0,18.2218,18.3236,18.0274,18.3051,44099124.62
20110325,0,18.3698,18.4439,18.2218,18.2866,39492299.64
20110328,0,18.3328,18.3976,18.194,18.268,33786142.19
20110329,0,18.194,18.4254,18.0737,18.3698,34762616.32
20110330,0,18.4901,18.7678,18.4439,18.6105,48009836.8
20110331,0,18.5734,18.6475,18.4716,18.5457,36188418.47
20110401,0,18.6382,18.9714,18.6197,18.8326,46119598.9
20110404,0,19.1842,19.2027,18.9158,18.9899,44964513.53
20110405,0,18.9529,19.0917,18.7863,18.8233,41114300.99
20110406,0,19.0362,19.0824,18.8511,19.0824,40552681.74
20110407,0,18.9621,18.9714,18.6845,18.814,50884969.02
20110408,0,18.9621,18.9899,18.5734,18.6752,49169987.18
20110411,0,18.7308,18.8511,18.5827,18.666,29048156.61
20110412,0,18.5364,18.6567,18.3236,18.5087,47754935.52
20110413,0,18.5642,18.6105,18.3884,18.4531,38273081.89
20110414,0,18.3698,18.5827,18.1385,18.5272,44619661.81
20110415,0,18.5549,18.7863,18.4994,18.5549,49587709.37
20110418,0,18.2958,18.5087,18.0552,18.4809,63488491.44
20110419,0,18.4994,18.8233,18.4439,18.7585,66255596.8199999
20110420,0,18.9806,19.0084,18.7678,18.8696,53228206
20110421,0,19.249,19.249,18.2588,18.4439,93036819
20110425,0,18.629,18.6475,18.4069,18.4161,53441563.73
20110426,0,18.5457,18.814,18.4069,18.5919,53206807.64
20110427,0,18.6845,19.2953,18.6475,19.1194,88959086
20110428,0,19.1565,19.2212,18.9436,19.0824,42758360.43
20110429,0,19.1657,19.1935,18.8788,18.9436,37807019.4
20110502,0,19.1472,19.1657,18.9066,18.9714,36403516.06
20110503,0,18.8418,19.1102,18.8326,19.0824,39437399.71
20110504,0,19.0269,19.1194,18.6475,18.7678,56947820.23
20110505,0,18.7215,18.7863,18.3328,18.4161,57580149.74
20110506,0,18.6752,18.74,18.4624,18.5272,44083254.38
20110509,0,18.4716,18.6105,18.4161,18.5827,34763553.58
20110510,0,18.6382,18.8973,18.6197,18.7955,36496098.76
20110511,0,18.7122,18.8881,18.5087,18.5919,38057618.66
20110512,0,18.5087,18.6752,18.4161,18.629,39284917.51
20110513,0,18.6197,18.6382,18.2866,18.3884,41252131.67
20110516,0,18.3698,18.4994,18.2125,18.2773,40663885.24
20110517,0,18.157,18.4161,17.9627,18.1107,48385954.42
20110518,0,18.1292,18.3884,17.9627,18.2773,43309344.44
20110519,0,18.3698,18.5549,18.3513,18.4716,41014075.38
20110520,0,18.3976,18.4531,18.083,18.1848,44581947.6
20110523,0,17.8886,18.0274,17.7035,17.9349,37121081.77
20110524,0,17.9812,18.0644,17.6295,17.6758,45012514.35
20110525,0,17.5832,17.9164,17.5555,17.8053,41137018.55
20110526,0,17.722,18.0367,17.7035,17.9627,39677324.25
20110527,0,18.0182,18.12,17.9719,17.9812,28957394.57
20110531,0,18.2125,18.2495,18.0274,18.1385,41441219.66
20110601,0,18.0089,18.1385,17.6758,17.7405,64366623.42
20110602,0,17.7313,17.8423,17.5277,17.6573,41466418.1
20110603,0,17.4259,17.574,17.2131,17.4166,48194792.86
20110606,0,17.3148,17.4166,17.0187,17.0927,55686450.1
20110607,0,17.1575,17.3056,17.0927,17.1205,52498082.86
20110608,0,17.1113,17.2778,17.028,17.1575,53648584.36
20110609,0,17.1668,17.3611,17.1113,17.2038,34304447.84
20110610,0,17.1298,17.139,16.7873,16.9539,54617665.58
20110613,0,16.9447,17.139,16.8614,17.0095,43587211.93
20110614,0,17.1483,17.3796,17.1205,17.2131,45078166.13
20110615,0,17.0927,17.2778,16.9539,17.0372,57857312.07
20110616,0,16.9907,17.3639,16.9814,17.1867,53868552
20110617,0,17.3826,17.4386,17.112,17.2333,54163868.19
20110620,0,17.112,17.3173,17.0747,17.2426,38189492.68
20110621,0,17.3639,17.6718,17.3173,17.5599,54679630.92
20110622,0,17.4386,17.5506,17.3266,17.336,45355537.13
20110623,0,17.112,17.1587,16.8041,17.1587,68253193.07
20110624,0,17.1867,17.196,16.8041,16.8134,56198124.49
20110627,0,16.8041,17.1867,16.7948,17.0747,44121410.57
20110628,0,17.1027,17.2053,16.9161,17.196,37823913.68
20110629,0,17.2893,17.3639,17.168,17.336,37824620.58
20110630,0,17.3266,17.6345,17.3173,17.6065,40358353.59
20110701,0,17.5972,17.9704,17.4946,17.9051,54041701.55
20110705,0,17.9331,17.9611,17.6439,17.7745,40122954.14
20110706,0,17.6998,17.8211,17.6718,17.7745,30477404.42
20110707,0,17.9144,18.1477,17.8585,18.0171,42492498.26
20110708,0,17.8305,17.8305,17.5879,17.7092,53120625.28
20110711,0,17.4666,17.5506,17.2613,17.3826,44937123.91
20110712,0,17.1867,17.4106,17.1587,17.1773,43258939.26
20110713,0,17.2893,17.5692,17.2613,17.2986,46610114.01
20110714,0,17.4013,17.5412,17.2333,17.308,44181275.87
20110715,0,17.308,17.4293,17.056,17.1867,49933473.51
20110718,0,17.1027,17.1587,16.9441,17.056,38132156.41
20110719,0,17.168,17.3919,17.1214,17.3173,42477155.26
20110720,0,17.4946,17.6439,17.3546,17.5412,47572734.24
20110721,0,17.7092,17.9891,17.5972,17.8958,63468838
20110722,0,18.129,18.2317,17.6812,17.7465,70796767
20110725,0,17.6812,17.8585,17.5879,17.6998,44121047.74
20110726,0,17.7092,17.7652,17.2333,17.3266,67321499.1
20110727,0,17.2333,17.2706,16.8414,16.9441,76995216.16
20110728,0,16.9254,17.224,16.8788,16.8974,48718723.23
20110729,0,16.7855,16.8974,16.5895,16.7201,62663026.3400001
20110801,0,17.168,17.1867,16.4962,16.7855,69522091.9
20110802,0,16.5522,16.6828,16.0017,16.0577,96270434.9
20110803,0,16.0857,16.3283,15.9177,16.3189,87428505
20110804,0,16.039,16.1137,15.3206,15.3952,127020310.6
20110805,0,15.5445,15.8151,15.0033,15.4512,125849008.2
20110808,0,14.6208,15.05,14.2756,14.4342,174117134.1
20110809,0,14.5462,14.8541,13.8277,14.8447,176630010
20110810,0,14.8167,14.8354,14.005,14.0423,135703948.3
20110811,0,14.1356,14.8541,13.9957,14.6395,127043059
20110812,0,14.9754,15.0407,14.7328,14.8167,75829997.59
20110815,0,15.0873,15.3112,15.0033,15.2833,64056649
20110816,0,15.1806,15.1806,14.882,15.0593,58562063.95
20110817,0,15.2086,15.4325,15.0033,15.134,47390008.96
20110818,0,14.6861,14.7234,14.1823,14.3316,116106745.9
20110819,0,14.089,14.5648,14.0236,14.0703,79487161.95
20110822,0,14.5275,14.5275,13.9957,14.0796,63739665.4
20110823,0,14.1543,14.4995,14.0983,14.4808,68579287.9
20110824,0,14.4622,14.6954,14.3875,14.6674,58557012.82
20110825,0,14.8727,14.9754,14.3129,14.3969,66415650.18
20110826,0,14.3689,14.6395,14.089,14.4902,59695015.2000001
20110829,0,14.7328,14.9847,14.6861,14.9847,45105155.6
20110830,0,14.882,15.1526,14.6954,15.0407,48462857.58
20110831,0,15.1526,15.3859,15.078,15.162,57826257.7
20110901,0,15.2179,15.3486,15.0687,15.1246,61067327.96
20110902,0,14.7887,14.8541,14.5088,14.7048,59453076.47
20110906,0,14.2289,14.2662,13.9957,14.2476,94004109.5
20110907,0,14.4622,14.7887,14.4062,14.7421,56650145.71
20110908,0,14.6395,14.7701,14.4528,14.5462,48832702.11
20110909,0,14.3502,14.6488,14.005,14.0983,74325482.8
20110912,0,13.9583,14.3036,13.7344,13.9863,102833480.9
20110913,0,14.0143,14.4249,13.865,14.3875,77711226
20110914,0,14.4715,14.966,14.1823,14.7608,91230941.7
20110915,0,14.9777,15.1755,14.9212,15.1378,66372792.2
20110916,0,15.2791,15.4487,15.1378,15.3262,82138501.67
20110919,0,15.053,15.3262,14.9494,15.2509,52108054.47
20110920,0,15.3074,15.4958,15.1096,15.1472,54172737.95
20110921,0,15.0436,15.1378,14.5161,14.5255,71943119.62
20110922,0,14.0922,14.3371,13.9603,14.1864,113074771.6
20110923,0,14.0357,14.3654,13.998,14.3183,64791103.79
20110926,0,14.5067,14.7139,14.1958,14.7045,66253613.7
20110927,0,14.8929,15.1378,14.6668,14.8552,78012377.6000001
20110928,0,14.8364,15.0719,14.5255,14.5915,55846648.1
20110929,0,14.8835,15.0248,14.6009,14.9023,58532101.21
20110930,0,14.7422,14.8175,14.3089,14.3748,69977508.06
20111003,0,14.2523,14.4973,13.8473,13.8567,88767344.6
20111004,0,13.6589,14.0357,13.2067,14.0263,109697743
20111005,0,14.0828,14.4407,13.8944,14.4031,76970637.98
20111006,0,14.3842,14.6291,14.0922,14.6291,63137137.17
20111007,0,14.7987,14.827,14.4596,14.5726,62940405.71
20111010,0,14.8741,15.1849,14.8458,15.1755,54494652.96
20111011,0,15.053,15.2791,15.0342,15.2038,45193897.66
20111012,0,15.3074,15.6182,15.3074,15.4581,59481692.3
20111013,0,15.2885,15.3639,15.0907,15.2697,44490535.69
20111014,0,15.4675,15.6842,15.4487,15.6559,41034316.87
20111017,0,15.5335,15.6371,15.2038,15.2697,44833117.7
20111018,0,15.3356,15.995,15.298,15.7501,63252667.74
20111019,0,15.7407,15.8914,15.4581,15.5429,51664093.22
20111020,0,15.6182,15.9385,15.3827,15.7124,53653748
20111021,0,15.411,15.5711,15.1943,15.4393,91209073
20111024,0,15.4204,15.7219,15.3733,15.4958,63911437.2
20111025,0,15.5052,15.5335,15.119,15.2697,79046411.3
20111026,0,15.4864,15.5523,15.2791,15.4393,60634723.81
20111027,0,15.9668,16.4849,15.8349,16.3718,103957163.1
20111028,0,16.1929,16.3342,16.1175,16.24,51127186.24
20111031,0,15.9762,16.0233,15.7501,15.7501,44093102.26
20111101,0,15.2132,15.4016,15.0436,15.0813,89817388.8
20111102,0,15.4204,15.5617,15.2226,15.3262,42730158.9
20111103,0,15.5806,15.7219,15.411,15.6936,48335293.4
20111104,0,15.59,15.5994,15.2885,15.4204,39088480.05
20111107,0,15.4204,15.4769,15.1755,15.4298,38893427.61
20111108,0,15.4958,15.5335,15.3074,15.524,52304566.87
20111109,0,15.2132,15.2509,14.8364,14.9212,75119595.6
20111110,0,15.1472,15.2509,15.0436,15.1284,56362566.53
20111111,0,15.298,15.524,15.2885,15.3733,45456865.84
20111114,0,15.2791,15.3356,15.0907,15.1755,38403735.44
20111115,0,15.1001,15.3733,15.1001,15.2697,39383498.27
20111116,0,15.1284,15.3074,15.0059,15.0059,50689950.38
20111117,0,15.0342,15.119,14.6009,14.6762,63663202.4
20111118,0,14.8552,14.9306,14.7139,14.7422,45802679.59
20111121,0,14.582,14.5915,14.3183,14.3842,62331750.8
20111122,0,14.4031,14.4031,14.111,14.1393,71300932.7
20111123,0,14.0357,14.0828,13.8567,13.8944,65492012.4
20111125,0,13.9038,14.1487,13.7154,13.9038,24456496.504
20111128,0,14.3465,14.3936,13.8285,13.9321,73581607.31
20111129,0,14.0451,14.2712,13.9603,14.0639,81591865.7
20111130,0,14.4219,14.9777,14.3748,14.9683,87271987.8
20111201,0,14.9683,15.0719,14.8175,15.0059,57135826.7
20111202,0,15.1096,15.3545,15.1096,15.1755,67772193
20111205,0,15.3922,15.5429,15.2414,15.3639,60225307.17
20111206,0,15.5429,15.9385,15.5146,15.769,80989771
20111207,0,15.7313,15.8537,15.5711,15.7878,64648863.4
20111208,0,15.6182,15.6842,15.3074,15.3356,57484917.49
20111209,0,15.4204,15.995,15.411,15.9008,69857349.3
20111212,0,15.7595,15.882,15.3733,15.5146,59556623.7
20111213,0,15.6182,15.7501,15.3545,15.4204,72128257.58
20111214,0,15.3922,15.8066,15.3545,15.6748,82727636.8
20111215,0,15.8443,15.8914,15.6277,15.7972,60970956.3
20111216,0,15.9574,16.0987,15.9291,15.995,84866308.98
20111219,0,15.9762,16.1081,15.8161,15.8726,60746616.25
20111220,0,16.061,16.3813,16.0516,16.2682,59026835.3
20111221,0,16.3153,16.7392,16.1552,16.6733,76070626.4
20111222,0,16.8351,17.3106,16.7875,17.1775,90592015.5
20111223,0,17.1489,17.3867,17.0728,17.3296,45611699.61
20111227,0,17.2916,17.3296,17.1299,17.1584,36123275.87
20111228,0,17.1204,17.1394,16.7399,16.9302,37452367.22
20111229,0,16.9207,17.2345,16.9207,17.225,36746630.27
20111230,0,17.1489,17.2155,17.0063,17.0633,26651322.48
20120103,0,17.3392,17.6055,17.3392,17.5104,51501389
20120104,0,17.4152,17.6911,17.3867,17.653,40160005.5
20120105,0,17.5579,17.6911,17.3962,17.6625,41848638.09
20120106,0,17.8147,17.8718,17.653,17.7291,48270304.62
20120109,0,17.8147,17.9574,17.653,17.9193,45377464.46
20120110,0,18.0905,18.1191,17.7101,17.7767,57045050.67
20120111,0,17.6245,18.024,17.596,17.9384,45676245.61
20120112,0,18.0335,18.0715,17.8433,18.0049,36937759.89
20120113,0,17.8623,17.9193,17.6911,17.8813,37134520.02
20120117,0,18.062,18.1666,17.7672,17.8147,47150763.6
20120118,0,17.6721,18.1191,17.653,18.062,50491342.27
20120119,0,18.1001,18.2522,18.0049,18.2332,49794844
20120120,0,17.8908,18.2332,17.7672,18.2142,74004658
20120123,0,18.1571,18.2998,17.9764,18.024,47034249.4
20120124,0,17.9193,17.9384,17.8337,17.9003,37443919.99
20120125,0,17.9193,18.2427,17.8718,18.1952,47417300.08
20120126,0,18.3188,18.3283,18.0525,18.1001,40828656.06
20120127,0,18.062,18.1952,17.9954,18.1286,29763667.7
20120130,0,17.9098,18.0145,17.7862,17.9574,36430219.16
20120131,0,18.0525,18.0905,17.7767,17.8052,38022625.13
20120201,0,18.0145,18.1286,17.8337,17.8623,51166787.29
20120202,0,17.9289,18.0049,17.7672,17.8433,34114978.53
20120203,0,18.0715,18.1666,17.9954,18.1096,41154755.61
20120206,0,18.062,18.2237,18.0145,18.1286,35414647.95
20120207,0,18.0715,18.2618,17.9859,18.2332,34311581.57
20120208,0,18.2522,18.3664,18.1476,18.2998,32414715.21
20120209,0,18.3664,18.4044,18.1571,18.2047,29725316.12
20120210,0,18.062,18.081,17.8528,17.9289,46221624.01
20120213,0,18.0715,18.1666,17.9669,18.1096,40863173.95
20120214,0,18.0049,18.081,17.8813,18.024,35970525.23
20120215,0,18.0905,18.1286,17.7101,17.8337,40310056.75
20120216,0,17.9384,18.1096,17.8813,18.081,38949969.35
20120217,0,18.2427,18.3759,18.1762,18.3664,54981909.2299999
20120221,0,18.471,18.5661,18.3759,18.4234,38417866.33
20120222,0,18.471,18.5186,18.2427,18.4234,38835869.83
20120223,0,18.3081,18.596,18.2314,18.5288,42850308.28
20120224,0,18.5672,18.5864,18.3657,18.4425,22087126.06
20120227,0,18.2506,18.5288,18.2122,18.3369,34718564.79
20120228,0,18.3465,18.4137,18.2218,18.4041,30146313.96
20120229,0,18.4041,18.4712,18.241,18.2985,39319067.25
20120301,0,18.3753,18.4137,18.2601,18.3465,35252537.15
20120302,0,18.3657,18.3657,18.1354,18.193,33145028.06
20120305,0,18.1834,18.2122,17.9723,18.1162,33044910.95
20120306,0,17.8475,17.8571,17.5789,17.6748,51285808.05
20120307,0,17.8284,18.0874,17.7996,18.0299,48969793.01
20120308,0,18.2122,18.3177,18.1546,18.2601,33426929.26
20120309,0,18.2506,18.4041,18.1546,18.2697,35257624.52
20120312,0,18.2985,18.4329,18.2697,18.3657,33556819.75
20120313,0,18.4137,18.8647,18.3177,18.8455,59471585.8
20120314,0,18.8263,19.0854,18.7879,18.999,66806018.3
20120315,0,19.0662,19.3828,19.0566,19.3348,72589388.2
20120316,0,19.4404,19.4788,19.2005,19.3732,66942305
20120319,0,19.2773,19.5363,19.2485,19.3732,39667081
20120320,0,19.2101,19.3924,19.1717,19.2485,44791203.61
20120321,0,19.3444,19.498,19.2293,19.2677,44162587.18
20120322,0,19.1333,19.1525,18.8934,19.0278,48250471.17
20120323,0,18.9894,19.1045,18.903,19.0278,28720459.42
20120326,0,19.1717,19.2965,19.1141,19.2389,40423805.85
20120327,0,19.3061,19.3348,19.1813,19.2389,33464701.58
20120328,0,19.2101,20.1505,18.9702,19.1525,47143647.39
20120329,0,19.0278,19.1621,18.9126,19.1621,38387661.26
20120330,0,19.2581,19.3156,19.1525,19.2773,34060610.92
20120402,0,19.2197,19.2965,19.095,19.2005,41069364.06
20120403,0,19.1909,19.2101,18.999,19.1525,40758035.8
20120404,0,18.8647,19.0086,18.8263,18.9894,38936683.39
20120405,0,18.8167,18.9126,18.6728,18.7015,35024910.94
20120409,0,18.3273,18.4904,18.2985,18.4137,35380221.5
20120410,0,18.3465,18.3561,17.9435,17.9915,51952716.6
20120411,0,18.2506,18.3753,18.2122,18.2506,34419675.45
20120412,0,18.241,18.5384,18.193,18.5192,25896995.71
20120413,0,18.4041,18.4041,18.097,18.1066,33682416.23
20120416,0,18.2122,18.3561,18.0586,18.1642,28259299.21
20120417,0,18.2601,18.5768,18.1546,18.5576,31866527.01
20120418,0,18.4521,18.5576,18.2697,18.3081,31597005.61
20120419,0,18.3945,18.4712,18.2026,18.3753,44658796
20120420,0,18.6536,18.8455,18.4712,18.5768,51652128
20120423,0,18.2889,18.3465,18.1738,18.2889,45071114.48
20120424,0,18.4137,18.8071,18.3369,18.7495,44531466.2
20120425,0,18.9702,19.0086,18.6344,18.6536,45320143.31
20120426,0,18.644,18.9126,18.6152,18.8263,32638617.37
20120427,0,18.8934,19.0662,18.8071,18.9798,31507863.44
20120430,0,18.8839,18.9222,18.6536,18.7783,25601103.92
20120501,0,18.7879,19.1429,18.6728,18.9798,33063337.42
20120502,0,18.9318,18.9798,18.7303,18.9414,28748195.14
20120503,0,18.999,18.999,18.7783,18.8167,22230413.57
20120504,0,18.7687,18.7975,18.4712,18.5672,32235854.4
20120507,0,18.3753,18.6919,18.3657,18.5672,35079471.62
20120508,0,18.4521,18.548,18.2506,18.4808,39217513.73
20120509,0,18.2314,18.2697,17.9819,18.1546,60300836.91
20120510,0,18.3465,18.4521,18.241,18.2889,32848663.79
20120511,0,18.1546,18.4904,18.145,18.241,24213050.3
20120514,0,18.0586,18.0778,17.7996,17.8284,42814372.54
20120515,0,17.7996,17.9147,17.5789,17.694,40341551.51
20120516,0,18.1258,18.4808,17.9531,18.2697,81452438.56
20120517,0,18.1834,18.3561,18.1066,18.1354,51063620.76
20120518,0,18.1834,18.3849,18.0778,18.1354,58091125.16
20120521,0,18.2218,18.4137,18.1834,18.3465,32648909.21
20120522,0,18.3849,18.5096,18.2889,18.3945,45621353.46
20120523,0,18.3465,18.4329,17.9915,18.4137,60417944.98
20120524,0,18.3753,18.6152,18.2506,18.4712,40071063.1
20120525,0,18.5096,18.6344,18.3465,18.4041,25169210.12
20120529,0,18.5096,18.6728,18.4137,18.5576,31711681.27
20120530,0,18.3849,18.4233,18.2218,18.2793,36756202.39
20120531,0,18.241,18.4425,18.097,18.3273,42044233.72
20120601,0,18.0586,18.2218,17.7516,17.7516,56105820.51
20120604,0,17.694,17.7612,17.3198,17.4637,58538014.84
20120605,0,17.3774,17.5597,17.2718,17.5117,36503255.33
20120606,0,17.7036,18.0874,17.5693,18.0874,37532231.34
20120607,0,18.2985,18.4233,18.1354,18.2314,47396663.25
20120608,0,18.2026,18.4712,18.1354,18.4329,34747423.18
20120611,0,18.5672,18.644,18.2985,18.3081,40489343.18
20120612,0,18.3945,18.6919,18.3177,18.6919,44002178.04
20120613,0,18.4712,18.7495,18.4233,18.5384,35929677.51
20120614,0,18.6056,18.9702,18.4617,18.9222,56902006.09
20120615,0,19.0854,19.1909,18.951,19.1813,52844085.98
20120618,0,19.0758,19.1717,18.049,18.9702,37300851.86
20120619,0,19.0662,19.3252,19.047,19.2293,40895547.73
20120620,0,19.2005,19.3348,19.047,19.2965,44837872.88
20120621,0,19.3159,19.4224,18.832,18.8417,53788004.08
20120622,0,19.0159,19.2675,18.8804,19.2385,41210244.29
20120625,0,18.8514,18.9675,18.6675,18.8707,39915709.28
20120626,0,18.9095,19.2578,18.8804,19.2095,54839321.47
20120627,0,19.2772,19.5385,19.2482,19.4901,50725442.23
20120628,0,19.2772,19.5482,19.2288,19.5385,53977134.09
20120629,0,19.7611,20.1288,19.7611,20.1191,61784400.75
20120702,0,20.0514,20.1481,19.6256,19.7998,54968215.6
20120703,0,19.7223,19.8578,19.674,19.7611,21817557.996
20120705,0,19.6836,19.8191,19.6353,19.703,26609712.77
20120706,0,19.5094,19.6062,19.3062,19.3643,53853238.11
20120709,0,19.3353,19.3933,19.2675,19.3933,30348871.75
20120710,0,19.3933,19.4224,18.8707,18.9675,51834456.43
20120711,0,19.0449,19.1514,18.9095,19.0449,36998502.15
20120712,0,18.8611,19.0062,18.7353,18.8224,48168188.96
20120713,0,18.8804,19.2288,18.832,19.1127,29553137.91
20120716,0,18.8804,18.9772,18.7933,18.9191,33108741.15
20120717,0,19.0062,19.2095,18.803,19.074,43280846.14
20120718,0,19.0159,19.2191,18.9095,19.1901,37701909.01
20120719,0,19.2965,19.2965,19.0062,19.132,39934308
20120720,0,19.2482,19.7127,18.8224,19.1804,78129730
20120723,0,18.9288,19.4804,18.8901,19.4417,55904680
20120724,0,19.4417,19.4417,19.103,19.3353,52894743.53
20120725,0,19.432,19.5094,19.3353,19.3546,38426329.73
20120726,0,19.5482,20.032,19.5094,19.9256,54463608.13
20120727,0,19.9546,20.3223,19.8965,20.2062,64077176.84
20120730,0,20.1481,20.2352,20.0223,20.1191,42340205.92
20120731,0,20.0804,20.2159,20.0804,20.1094,34427559.69
20120801,0,20.1869,20.274,20.0417,20.0417,34726951.22
20120802,0,19.8578,20.032,19.5482,19.8288,41205896.77
20120803,0,20.1481,20.3223,19.8578,20.303,34582494.85
20120806,0,20.2933,21.2417,20.2256,20.3127,32546328.38
20120807,0,20.4288,20.5062,20.3998,20.4481,29533575.39
20120808,0,20.3707,20.4094,20.2256,20.332,30420324.12
20120809,0,20.2933,20.4385,20.2643,20.3707,29297329.31
20120810,0,20.3223,20.4191,20.2256,20.3998,21500674.95
20120813,0,20.3611,20.3804,20.1772,20.2836,25331554.34
20120814,0,20.3998,20.4288,20.2256,20.274,28183730.96
20120815,0,20.1869,20.3514,20.1191,20.2449,23348795.96
20120816,0,20.1965,20.4578,20.1481,20.3611,31704243.2
20120817,0,20.4191,20.4191,20.2643,20.3223,27760909.95
20120820,0,20.2933,20.3611,20.1385,20.2546,25085794.35
20120821,0,20.2933,20.3707,20.1288,20.1675,28011788.64
20120822,0,20.0998,20.1965,20.0223,20.1288,24605142.92
20120823,0,20.0901,20.1191,19.9643,19.974,33961701.4
20120824,0,19.9256,20.2256,19.8869,20.1288,25369574.07
20120827,0,20.1481,20.274,20.1191,20.1965,23486459.54
20120828,0,20.0901,20.2449,20.0901,20.1385,24089225.83
20120829,0,20.1675,20.274,20.1385,20.1481,17554631.37
20120830,0,20.0514,20.1094,19.9546,19.9836,18297238.85
20120831,0,20.0901,20.1578,19.9256,20.1094,24164679.85
20120904,0,19.9643,20.0223,19.8191,19.8578,35872515.1
20120905,0,19.8869,20.0998,19.8482,19.9933,28156701.02
20120906,0,20.1869,20.632,20.1772,20.603,49602534.28
20120907,0,20.632,20.8836,20.6127,20.8836,33302575.58
20120910,0,20.7869,20.9514,20.7385,20.7869,30575035.73
20120911,0,20.7965,20.9901,20.7094,20.8933,30702485.87
20120912,0,20.9707,21.2223,20.961,21.1643,37061949.72
20120913,0,21.0675,21.5223,21.0481,21.2804,57387489.88
20120914,0,21.4836,21.6481,21.2707,21.3288,47994548.83
20120917,0,21.1836,21.3385,21.1836,21.3094,35130070.4
20120918,0,21.2707,21.503,21.2514,21.4933,31767485.82
20120919,0,21.5707,21.7643,21.532,21.7449,37795542.67
20120920,0,21.6379,21.911,21.5697,21.8622,38466365.36
20120921,0,21.989,22.1255,21.9012,21.9987,52954204.32
20120924,0,21.8427,21.9305,21.7452,21.8135,33996290.53
20120925,0,21.833,22.106,21.7452,21.7549,44279630.19
20120926,0,21.6087,21.6964,21.5209,21.5502,38225436.48
20120927,0,21.6769,22.2913,21.5794,22.1742,63669429.33
20120928,0,22.2035,22.3888,22.0572,22.1742,63709547.85
20121001,0,22.1645,22.4278,22.145,22.223,40853886.4
20121002,0,22.3595,22.418,22.067,22.2035,41029373.62
20121003,0,22.2815,22.418,22.1547,22.3498,30889630.3
20121004,0,22.3888,22.4765,22.2035,22.3595,38719419
20121005,0,22.4668,22.6033,22.4278,22.496,35648296.89
20121008,0,22.301,22.418,22.2815,22.3595,22897370.37
20121009,0,22.379,22.3985,22.0377,22.067,36523073.45
20121010,0,22.0475,22.1742,21.8037,21.8817,30269773.17
20121011,0,22.067,22.145,21.9012,21.9695,22730333.78
20121012,0,22.0182,22.145,21.8525,21.9305,26438869.98
20121015,0,21.9792,22.1352,21.9305,22.106,26212482.44
20121016,0,22.223,22.3108,22.0085,22.067,33684046.33
20121017,0,22.2035,22.3498,22.1547,22.3303,23794946.2
20121018,0,22.2425,22.5058,22.2328,22.3108,34729047
20121019,0,21.95,21.9695,21.3259,21.4527,84621065
20121022,0,21.3161,21.4039,20.7213,21.1406,82634420.2
20121023,0,20.8188,20.8676,20.6531,20.7798,53613881.49
20121024,0,20.8968,20.9261,20.7116,20.7311,39062746.95
20121025,0,20.9651,21.0334,20.5068,20.7213,43009755.9
20121026,0,20.6628,20.8676,20.5458,20.5751,38944049.6
20121031,0,20.7311,20.7896,20.4385,20.5555,34161766.81
20121101,0,20.5068,20.8578,20.497,20.8091,40170407.01
20121102,0,20.9651,21.1406,20.7311,20.7993,40969936.87
20121105,0,20.6726,20.9358,20.6726,20.8968,27787604.12
20121106,0,20.9749,21.2381,20.9163,21.0431,30294749.77
20121107,0,20.8286,20.9846,20.5458,20.6238,41600457.8
20121108,0,20.6336,20.6628,20.3995,20.3995,38137770.95
20121109,0,20.2338,20.7701,20.185,20.4775,37128946.91
20121112,0,20.5068,20.6141,20.38,20.3995,20443125.87
20121113,0,20.0875,20.4288,20.0582,20.146,35341078.85
20121114,0,20.2143,20.2338,19.4537,19.5024,60753524.87
20121115,0,19.4049,19.7267,19.3854,19.5804,47916485.5
20121116,0,19.5999,19.6877,19.3757,19.6487,42431738.61
20121119,0,19.9022,20.2045,19.8827,20.1362,34217878.06
20121120,0,20.1655,20.2143,19.8632,20.0972,24600660.7
20121121,0,20.185,20.224,20.0095,20.1362,18576111.07
20121123,0,20.2923,20.5165,20.2143,20.4775,36292623.467
20121126,0,20.3605,20.5165,20.3313,20.5165,23600682.65
20121127,0,20.5165,20.6726,20.3313,20.341,27683566.74
20121128,0,20.2338,20.6238,19.99,20.6141,30129812.22
20121129,0,20.7116,20.8286,20.4288,20.6043,25329916.79
20121130,0,20.6141,20.7311,20.5165,20.6823,23211416.77
20121203,0,20.6531,20.7018,20.2825,20.2923,25461272.45
20121204,0,20.3118,20.4873,20.1948,20.3703,30463516.6
20121205,0,20.3898,20.8286,20.341,20.6628,36566730.49
20121206,0,20.6823,20.8578,20.5555,20.8286,29971493.63
20121207,0,20.8968,20.9456,20.7116,20.8968,28384791.21
20121210,0,20.8968,20.9651,20.7896,20.8286,22969837.2
20121211,0,20.9261,21.2089,20.8286,20.9651,42628450.6
20121212,0,21.0724,21.4039,21.0334,21.2284,39442305.17
20121213,0,21.1991,21.3747,20.9846,21.0821,31426586.94
20121214,0,21.0821,21.2186,20.9651,21.1114,36073232.42
20121217,0,21.1796,21.4039,21.1504,21.4039,43849627.85
20121218,0,21.3064,21.3649,20.8676,21.1504,76446378.9
20121219,0,21.1016,21.1211,20.4483,20.458,85532511.1
20121220,0,20.5857,20.9006,20.5365,20.7136,46867569.7
20121221,0,20.507,20.6546,20.2314,20.5758,66568193.85
20121224,0,20.4578,20.625,20.4184,20.4774,15175250.126
20121226,0,20.4774,20.6054,20.3594,20.4381,26942989.05
20121227,0,20.4578,20.5365,20.0642,20.379,37044531.1
20121228,0,20.1232,20.379,20.1035,20.1232,29139290.94
20121231,0,19.9559,20.6644,19.9362,20.6349,52704213.7
20130102,0,21.1663,21.1957,20.8612,20.9202,39622980.25
20130103,0,21.1367,21.1465,20.7136,20.7234,42711166.58
20130104,0,20.871,20.9202,20.7824,20.8514,26817688.23
20130107,0,20.8218,20.8808,20.625,20.7726,29365421.58
20130108,0,20.7628,20.7824,20.4873,20.5168,34675220.82
20130109,0,20.7038,20.7332,20.5955,20.6053,25554436.11
20130110,0,20.7136,20.8907,20.625,20.8416,28305792.85
20130111,0,20.871,20.9006,20.6841,20.8022,25379079
20130114,0,20.8416,20.9006,20.7332,20.7726,27567338.99
20130115,0,20.6939,20.871,20.6841,20.8514,22569768.51
20130116,0,20.8218,20.8612,20.7234,20.7628,33163232.7
20130117,0,20.8808,21.1859,20.7824,21.1663,43633550
20130118,0,21.5894,21.8353,21.2449,21.737,81561113
20130122,0,21.8255,21.8452,21.55,21.6386,48473782
20130123,0,21.6288,21.6779,21.4024,21.5796,42308046.84
20130124,0,21.609,21.8353,21.5992,21.737,40588890.8
20130125,0,21.9239,21.9535,21.7567,21.8945,34985907.66
20130128,0,22.0813,22.1797,21.9042,22.1698,44898328.98
20130129,0,22.1108,22.2191,21.9928,22.1404,30618330.3
20130130,0,22.1797,22.1895,21.8648,21.8845,31554856.44
20130131,0,21.8451,22.042,21.8255,21.9928,27654072.24
20130201,0,22.0714,22.2781,21.9632,22.1994,40219889.68
20130204,0,22.042,22.1305,21.9238,21.9534,32945481.71
20130205,0,22.1206,22.2584,22.0912,22.1797,28088943.92
20130206,0,22.1108,22.1404,21.9534,22.0912,38613113
20130207,0,22.1404,22.1502,21.914,22.1108,34828014.74
20130208,0,22.1502,22.1994,22.0616,22.1256,20981756.6
20130211,0,22.1108,22.1502,21.9928,22.0813,17310997.6
20130212,0,22.1206,22.2879,22.1206,22.2387,23289736.17
20130213,0,22.7406,23.1047,22.6717,23.0457,80196546.88
20130214,0,22.8784,23.1145,22.7406,23.0259,43757843.35
20130215,0,23.1047,23.1735,22.8587,22.8784,35722056.57
20130219,0,23.0458,23.3705,23.0358,23.3311,34326760.27
20130220,0,23.3311,23.3705,22.9768,22.9866,30403716.63
20130221,0,22.9964,23.165,22.9368,23.0559,41941154.79
20130222,0,23.165,23.2642,23.046,23.2047,22722574.32
20130225,0,23.3039,23.3436,22.6293,22.669,46391839.6
20130226,0,22.788,22.9666,22.7285,22.8773,37669986.72
20130227,0,22.8376,23.2146,22.8178,23.165,27009231.72
20130228,0,23.1848,23.2741,23.0261,23.0658,30062405.97
20130301,0,22.8277,23.1551,22.8178,22.9864,36064978.31
20130304,0,22.9567,23.0757,22.8475,23.0757,21381894.37
20130305,0,23.2642,23.5222,23.2543,23.3833,28070729.7
20130306,0,23.6412,23.6511,23.4825,23.4924,26026158.35
20130307,0,23.5122,23.6412,23.4825,23.542,18558695.88
20130308,0,23.6809,23.7106,23.4924,23.5718,24004765.59
20130311,0,23.5023,23.5618,23.2642,23.4329,30194855.22
20130312,0,23.3833,23.413,23.1452,23.1948,30143093.43
20130313,0,23.2444,23.3337,23.2146,23.294,20911437.11
20130314,0,23.3634,23.5718,23.3237,23.4428,29496375.66
20130315,0,23.2543,23.5321,23.1749,23.2444,33086523.66
20130318,0,22.9765,23.165,22.9467,23.0559,26836927.3
20130319,0,23.1154,23.1749,22.9864,23.165,30606276.3
20130320,0,23.5321,23.6114,23.1452,23.2642,31927914.37
20130321,0,23.2345,23.413,23.1055,23.1253,32582224.88
20130322,0,23.1253,23.2146,23.0956,23.1848,25847978.64
20130325,0,23.2642,23.294,22.8674,23.0856,35641094.06
20130326,0,23.0856,23.1154,22.8277,22.9368,28214238.3
20130327,0,22.8376,22.9567,22.669,22.9368,23177081.71
20130328,0,22.9567,23.0162,22.8079,22.9467,20629897.18
20130401,0,22.8475,22.917,22.788,22.8872,24275143.4
20130402,0,22.9864,23.1848,22.9269,23.1352,24914765.37
20130403,0,23.1948,23.2047,22.7384,22.8277,47432508.94
20130404,0,22.8277,22.9467,22.7781,22.9071,24918072.96
20130405,0,22.6194,22.7583,22.5797,22.7483,26233441.42
20130408,0,22.8575,22.917,22.6491,22.8971,26713324.14
20130409,0,23.0658,23.0757,22.7186,22.8773,28328314.74
20130410,0,22.917,23.4626,22.8773,23.3833,35647080.3
20130411,0,23.3634,23.5321,23.2444,23.413,24262493.67
20130412,0,23.3039,23.4031,23.1452,23.2642,19341158.01
20130415,0,23.0956,23.1154,22.659,22.669,35221718.49
20130416,0,22.8872,22.917,22.7186,22.917,29317302.21
20130417,0,22.788,22.8475,22.4706,22.6194,36627371.91
20130418,0,22.5797,22.659,22.3912,22.4904,34693346
20130419,0,21.7662,21.8555,21.4388,21.5777,79797857
20130422,0,21.4884,21.5082,20.9428,21.1412,82331685.6
20130423,0,21.3892,21.5182,21.1908,21.3495,58961711.0999999
20130424,0,21.4884,21.8555,21.4785,21.7959,46567149.3
20130425,0,22.034,22.0539,21.7364,21.786,35621028.65
20130426,0,21.8158,22.2225,21.7959,22.0241,41239603.85
20130429,0,22.1332,22.1432,21.8257,22.0638,32619852.1
20130430,0,22.1134,22.2027,22.034,22.1332,82628118.62
20130501,0,21.9249,22.1729,21.9249,22.0043,62143871.49
20130502,0,22.0737,22.1233,21.9745,22.1233,46775264.81
20130503,0,22.3912,22.669,22.3813,22.4011,64107205.72
20130506,0,22.3713,22.4606,22.1432,22.4011,31381091.99
20130507,0,22.5202,22.6094,22.4408,22.4706,50368440.32
20130508,0,22.5102,22.8376,22.4408,22.8178,50259808.8
20130509,0,22.8079,22.917,22.5102,22.5598,26649112.31
20130510,0,22.5896,22.7186,22.411,22.6987,29817799.96
20130513,0,22.6789,22.6987,22.4408,22.669,24998200.4
20130514,0,22.669,22.8872,22.6293,22.8277,34729807
20130515,0,22.8475,23.0658,22.7285,23.046,36680173.69
20130516,0,22.917,23.165,22.917,23.0757,27547331.75
20130517,0,23.0856,23.294,23.0162,23.2543,35087219.74
20130520,0,23.2741,23.3932,23.2444,23.3634,27776124.54
20130521,0,23.4031,23.5817,23.4031,23.5122,29795396.82
20130522,0,23.5916,23.9388,23.5618,23.6908,63620723
20130523,0,23.3337,23.5618,23.2642,23.4825,38023621.95
20130524,0,23.3138,23.4825,23.3039,23.3337,35960419.36
20130528,0,23.542,23.6412,23.3882,23.4229,43193314.66
20130529,0,23.2345,23.5122,23.2146,23.4626,32937092.2
20130530,0,23.413,23.5718,23.3138,23.4031,22831427.71
20130531,0,23.4031,23.6015,23.165,23.1948,34730244.9
20130603,0,23.1848,23.5916,23.1352,23.4725,36441716.5
20130604,0,23.4031,23.5718,23.2245,23.4825,32931074.1
20130605,0,23.3634,23.3932,23.0261,23.0956,37997461
20130606,0,23.0559,23.2047,22.917,23.165,36547050.21
20130607,0,23.3535,23.7603,23.2841,23.7106,37649865.12
20130610,0,23.6908,23.7305,23.4527,23.5618,34952731.66
20130611,0,23.3039,23.5023,23.294,23.3833,30718404.85
20130612,0,23.5222,23.542,23.2345,23.3237,30553069.82
20130613,0,23.2642,23.5916,23.1551,23.5122,29250266.61
20130614,0,23.4924,23.5618,23.2741,23.3337,22105077.39
20130617,0,23.5618,23.661,23.4626,23.5718,31962079.09
20130618,0,23.6412,24.2563,23.112,24.1422,68042170.79
20130619,0,24.0182,24.1571,23.8099,23.8198,36595133.48
20130620,0,23.61,23.69,23.2,23.27,48418276
20130621,0,23.58,23.64,23.21,23.37,43746231
20130624,0,23.13,23.15,22.76,22.95,41279890
20130625,0,23.18,23.25,22.94,23.13,27037268
20130626,0,23.43,23.44,23.02,23.26,26275807
20130627,0,23.4,23.48,23.26,23.33,24461846
20130628,0,23.33,23.44,23.17,23.25,28096677
20130701,0,23.21,23.64,23.19,23.32,31010057
20130702,0,23.27,23.34,22.88,22.9,39508547
20130703,0,22.84,22.98,22.76,22.93,20701617
20130705,0,23.17,23.23,22.95,23.2,18974912
20130708,0,23.36,23.53,23.27,23.31,25441941
20130709,0,23.52,23.8,23.52,23.65,27084275
20130710,0,23.72,23.73,23.36,23.56,22944933
20130711,0,23.9,23.96,23.63,23.95,26719693
20130712,0,23.99,24,23.59,23.75,27047246
20130715,0,23.73,23.74,23.56,23.6,28215515
20130716,0,23.66,23.67,23.34,23.43,34494683
20130717,0,23.54,23.61,23.43,23.54,21505861
20130718,0,23.6,23.94,23.56,23.62,38445803
20130719,0,24.21,24.95,24.1,24.74,92553010
20130722,0,24.78,24.92,24.73,24.85,37611987
20130723,0,24.88,24.88,24.63,24.7,28935042
20130724,0,24.79,24.84,24.56,24.59,23853451
20130725,0,24.61,24.67,24.52,24.65,24318515
20130726,0,24.65,24.66,24.5,24.62,26156868
20130729,0,24.53,24.6,24.46,24.5,21286089
20130730,0,24.57,24.64,24.4,24.5,26328490
20130731,0,24.57,24.69,24.36,24.4,29264845
20130801,0,24.61,24.87,24.52,24.61,28207513
20130802,0,24.52,24.7,24.4,24.66,20294858
20130805,0,24.58,24.6,24.49,24.5,15545548
20130806,0,24.49,24.5,24.25,24.31,19311559
20130807,0,24.21,24.34,24.09,24.34,24236353
20130808,0,24.47,24.54,24.22,24.33,19471935
20130809,0,24.33,24.44,24.21,24.25,16984469
